# mesh name: boxMesh_1
# primitive scorer name: doseScorer
# iX, iY, iZ, total(value) [MeV], total(val^2), entry
0,0,0,7917436.321452899,9706145.294358784,10000000
0,0,1,8005912.523171072,10349323.03005176,9997807
0,0,2,8071685.422429028,10638604.05824329,9993275
0,0,3,8132767.964785424,10823367.58390963,9987523
0,0,4,8191962.308868858,11031163.50504717,9980752
0,0,5,8250715.080011221,11360580.49370994,9972839
0,0,6,8300595.855947261,11315864.01707673,9964300
0,0,7,8353062.90946739,11506222.77107912,9954971
0,0,8,8404247.269741654,11526928.09952253,9945028
0,0,9,8455675.630969919,11696141.06165259,9934519
0,0,10,8507239.808424708,11870991.03163107,9923296
0,0,11,8556176.358892558,11953512.90449172,9911568
0,0,12,8606268.864581492,12094648.90494629,9899034
0,0,13,8653572.220300186,12097448.74696726,9886137
0,0,14,8708466.00490088,12380228.97734622,9872522
0,0,15,8758147.712616239,12399936.54900456,9858590
0,0,16,8810565.01934208,12468708.41231435,9844246
0,0,17,8865910.340080095,12739554.59555009,9829323
0,0,18,8913222.129371911,12690289.2750381,9813758
0,0,19,8944371.054246925,12804134.46406062,9797835
0,0,20,8900214.295872135,12780500.11819934,9781458
0,0,21,8918740.627753697,12713300.25316434,9764875
0,0,22,8986559.117776142,12963121.75797572,9747628
0,0,23,9052673.335833415,13028443.56790448,9729877
0,0,24,9125489.760267626,13267547.37781662,9711823
0,0,25,9206232.666082291,13497832.90483598,9693160
0,0,26,9282359.373623198,13562178.71079935,9674176
0,0,27,9358120.870786635,13549121.77166284,9654530
0,0,28,9448926.755929012,13913495.92987869,9634936
0,0,29,9534195.41064428,14036523.47661551,9614807
0,0,30,9622487.761362689,14316280.831661,9594013
0,0,31,9708346.126676811,14339059.67712322,9573059
0,0,32,9800620.52256836,14649969.20553733,9551902
0,0,33,9888662.404872583,14951062.71239308,9530095
0,0,34,9967148.202359309,14939016.02007993,9507699
0,0,35,10047237.84837024,15182965.69066544,9485346
0,0,36,10123290.0038417,15408756.00545355,9462597
0,0,37,10190940.57761104,15560847.57790885,9439534
0,0,38,10256865.93435342,15691905.23149166,9415704
0,0,39,10325413.62732537,15867300.53316809,9391605
0,0,40,10400523.74332617,16129187.88105438,9367453
0,0,41,10479012.56349808,16325722.89705887,9342171
0,0,42,10567140.76308117,16571961.96545766,9316948
0,0,43,10664934.63071425,16826051.29934139,9291053
0,0,44,10774399.45107173,17120803.14932764,9264853
0,0,45,10895724.70898916,17337404.07585686,9238174
0,0,46,11032954.88196516,17789240.56229351,9210941
0,0,47,11180831.48475634,18193862.31147541,9183169
0,0,48,11344089.61842123,18686238.27608196,9155013
0,0,49,11516120.73262732,19142531.15611928,9125862
0,0,50,11702094.80433867,19734121.08400503,9096712
0,0,51,11892898.98119594,20289525.09279446,9066670
0,0,52,12084482.57867443,20856817.3237057,9036105
0,0,53,12273184.35686665,21372486.90879294,9004945
0,0,54,12463213.62150438,21973913.69095021,8973153
0,0,55,12656970.2039838,22614475.83402747,8940851
0,0,56,12864661.78019561,23338486.86532136,8907729
0,0,57,13097187.37919321,24082703.57718691,8873740
0,0,58,13369565.53843039,25090488.22376852,8839461
0,0,59,13694520.73973721,26520570.31999227,8804430
0,0,60,14059066.10848901,28042970.07644175,8767989
0,0,61,14448871.80155738,29362524.72338918,8730007
0,0,62,14866751.06178015,30770800.18742199,8690397
0,0,63,15309796.30468043,32292025.63138513,8649785
0,0,64,15789417.36147664,33981924.06618836,8607699
0,0,65,16341443.85980932,36038977.19377834,8564841
0,0,66,17020539.40174988,38824534.5417757,8520750
0,0,67,17840842.8883571,42300611.84165622,8474483
0,0,68,18835157.53131781,46975663.83462663,8425669
0,0,69,20039193.93931887,53168430.19024146,8372539
0,0,70,21573681.46604041,61673576.3572762,8312771
0,0,71,23614843.95998133,74036629.18573678,8242011
0,0,72,26502796.72163629,93805773.53261949,8150675
0,0,73,31194726.31149177,132945818.0649438,8017096
0,0,74,38569974.94634779,212543869.5307461,7732372
0,0,75,39198386.7268702,255711714.3271711,6595426
0,0,76,19942822.49312238,129790715.4307147,3526099
0,0,77,3389759.921780727,19597123.31499293,730802
0,0,78,149318.6202544971,729018.029241987,44901
0,0,79,6441.250950878827,33241.78607764319,6459
0,0,80,4985.080774019781,28666.35249631326,5833
0,0,81,4855.345045348963,26430.62346114077,5694
0,0,82,4153.026961255136,21395.68235486272,5429
0,0,83,4351.337121438321,22699.09071845099,5381
0,0,84,4064.638348410856,20917.7446651162,5090
0,0,85,3844.202240794171,21446.6527695685,4766
0,0,86,3908.256342980077,22690.027788279,4694
0,0,87,3843.277112751855,20824.45417534358,4608
0,0,88,3722.628648399531,21007.00146510893,4413
0,0,89,3686.566988465951,24389.07758352482,4175
0,0,90,3212.518175540793,17575.74526934143,4051
0,0,91,3164.425512486607,17865.946781731,3882
0,0,92,3129.956503160023,18522.42443747594,3933
0,0,93,3014.70055992211,17055.39395432832,3734
0,0,94,2965.306543153484,15869.97357891114,3698
0,0,95,2795.363046001366,14424.87444207024,3579
0,0,96,2812.424848101472,16562.82401922075,3460
0,0,97,2552.304956822731,14526.93120873826,3348
0,0,98,2490.763564092304,12458.15310137442,3250
0,0,99,2698.921333798327,16014.17122064038,3168
0,0,100,2636.551323615606,15354.64335256428,3189
0,0,101,2350.313036981264,12808.33786373199,3070
0,0,102,2632.685923997719,16882.3857828733,3006
0,0,103,2529.906261319172,16560.11269101801,2883
0,0,104,2278.519842542844,11820.11427280127,2805
0,0,105,2149.081411140221,11948.63211662141,2715
0,0,106,2088.557040386544,10699.92053967113,2681
0,0,107,2205.298228211816,13088.076195089,2608
0,0,108,2100.103043731029,12572.0863925784,2551
0,0,109,2152.259925210867,13426.03440333066,2567
0,0,110,2063.359775816045,12186.30950298702,2443
0,0,111,1980.492806238756,12052.87997035756,2392
0,0,112,1811.51055270686,9421.514860631773,2318
0,0,113,1787.984304034841,9948.384699221895,2293
0,0,114,1913.709710728518,10400.49471787752,2251
0,0,115,1828.246160706395,9843.339215671491,2182
0,0,116,1811.921315141847,10259.87313513612,2138
0,0,117,1648.952081618969,9143.24239456583,2048
0,0,118,1706.338377870213,9562.435356789889,1995
0,0,119,1600.284125800407,8037.947697543798,1968
0,0,120,1609.069548244006,10175.54707259067,1939
0,0,121,1479.033765507011,7844.128098531875,1850
0,0,122,1522.35963098459,8204.577368428645,1813
0,0,123,1519.181841170888,8587.214220188231,1778
0,0,124,1454.642721089985,8413.229015508283,1736
0,0,125,1282.780731142567,6746.200320569156,1663
0,0,126,1307.272530820362,7169.556151315379,1686
0,0,127,1313.423598330668,8724.02902256653,1584
0,0,128,1242.935694166871,6892.468478146384,1586
0,0,129,1304.212639297298,8001.401948675162,1547
0,0,130,1233.7395375396,7152.111229162085,1514
0,0,131,1193.509945285854,6420.323344324418,1539
0,0,132,1234.589246791208,6844.843108788647,1487
0,0,133,1167.379531375087,6057.216120771252,1466
0,0,134,1128.918597192348,6547.86186925031,1439
0,0,135,1191.775246237512,6747.597450467652,1385
0,0,136,1011.425291039205,4971.659773408931,1333
0,0,137,1025.593386048772,5669.368624155009,1338
0,0,138,1053.717419078561,5312.947610687978,1299
0,0,139,1042.207908831464,5060.607766041713,1296
0,0,140,1077.388621575793,6333.744632677198,1242
0,0,141,917.2061894676195,5726.474644033793,1241
0,0,142,875.261328788668,4527.570597343398,1240
0,0,143,863.020254870561,4848.251802527788,1141
0,0,144,1169.784732130876,8348.712093570863,1206
0,0,145,936.7890469891754,5750.903736430467,1165
0,0,146,874.5158160937755,4609.050591180711,1125
0,0,147,889.397012529819,5299.002023050005,1105
0,0,148,709.0390066766977,3351.968203401991,1083
0,0,149,834.840171386997,5557.947810156801,1048
0,0,150,842.2840776324541,4693.274207821311,1011
0,0,151,861.5938357136612,4610.673642285804,1004
0,0,152,824.6559950505857,4628.433610222251,1026
0,0,153,859.1397392516784,4432.440527367761,1000
0,0,154,867.6237822464215,6464.910638232401,980
0,0,155,853.6261044095116,5738.793233574184,944
0,0,156,718.0914304642814,3791.096956086427,968
0,0,157,797.7535392777294,4959.97300254479,907
0,0,158,653.3705758418549,3147.859603295002,899
0,0,159,720.7740770374305,3882.695726695344,850
0,0,160,735.5573100762083,4864.588608486799,880
0,0,161,697.5424847662833,5312.890992201228,853
0,0,162,754.0912950908685,5459.243762358758,852
0,0,163,645.4310622609048,3481.304192799022,864
0,0,164,711.5421434908188,3694.326415677615,869
0,0,165,641.7283215775376,4073.24781293514,850
0,0,166,684.7457187527984,4416.407061506277,849
0,0,167,629.5185737224257,3798.808571490751,811
0,0,168,650.3458437355291,3312.657454055001,816
0,0,169,672.8736518150222,4260.449974300213,807
0,0,170,527.752056560662,2664.412491976817,776
0,0,171,543.7812163719852,3326.65967679508,770
0,0,172,415.6394839710345,1894.107887977418,725
0,0,173,485.6177478974487,2370.66105624708,747
0,0,174,444.2129028200192,2145.360170979548,700
0,0,175,449.7940745513372,2358.814825031728,698
0,0,176,452.3014973839722,4079.40444054577,688
0,0,177,428.5644430437195,2155.595891679593,673
0,0,178,483.3295959523076,2765.837892096609,682
0,0,179,444.753176375133,2181.612124396899,651
0,0,180,433.9436190314777,2168.561590946445,634
0,0,181,436.1481955378639,2460.670429551767,645
0,0,182,452.801239965464,2369.189557747165,624
0,0,183,455.1582022677626,2420.494638059756,638
0,0,184,479.258214810681,3345.979691269616,625
0,0,185,389.1056430992277,1621.729159885301,606
0,0,186,501.5430142129475,4804.600695812545,601
0,0,187,409.2042147539087,2071.773556650245,568
0,0,188,400.1182330795478,2133.889852055349,593
0,0,189,360.5447483642226,1780.69806934244,580
0,0,190,397.4525486437461,2894.722321190502,553
0,0,191,537.8134333078217,5136.932364460494,554
0,0,192,366.3738486309798,2141.650589217627,551
0,0,193,433.8705695011425,4160.81813634123,528
0,0,194,421.2008231911889,2386.347126689275,541
0,0,195,475.2057695690969,3527.355770936478,518
0,0,196,423.1782730143918,2843.872336433135,518
0,0,197,351.582234408495,2173.756470159355,500
0,0,198,363.9613884672211,1828.724287462344,500
0,0,199,376.3881077914114,1882.319279260213,498
0,0,200,393.7775470762186,2195.805649853105,519
0,0,201,407.6352346430537,2540.743166305337,468
0,0,202,330.7084928462426,1493.039221991628,486
0,0,203,326.010631387702,1932.876445881267,465
0,0,204,364.6116312081188,2149.322504737437,484
0,0,205,342.1707261653982,1527.232372259058,484
0,0,206,350.239748688298,1861.476048570014,496
0,0,207,365.1513149004105,2437.309980372198,467
0,0,208,368.4740875272976,2732.851880201643,474
0,0,209,363.1390566787738,2861.030361869994,489
0,0,210,237.3689477677183,1105.219586862589,436
0,0,211,324.3625617086746,2076.575143762066,458
0,0,212,244.6125842559627,1276.842155556581,436
0,0,213,260.8943170882242,1324.30946313188,396
0,0,214,327.8871470975441,2419.754528580503,439
0,0,215,279.1415860386502,1596.837076201955,420
0,0,216,328.5042977477414,2055.579187921329,418
0,0,217,236.8528985372297,1006.673048717541,398
0,0,218,309.2831343605754,1678.861732941464,391
0,0,219,250.7356696522057,1157.623230768028,407
0,0,220,235.2675083384366,1007.700332847269,378
0,0,221,281.5057523208481,1794.769244286765,398
0,0,222,298.5378207300654,1967.115653278817,394
0,0,223,270.3540351037707,1878.212576969986,389
0,0,224,256.0099598875564,1543.766386479677,347
0,0,225,286.6538777625857,1603.310895562474,373
0,0,226,263.4735865492636,1570.27719913872,353
0,0,227,245.3950485471531,1378.880742674452,356
0,0,228,276.6062869822812,2798.312657671163,332
0,0,229,203.0758405965657,776.1880170386781,319
0,0,230,204.3603453390899,868.7372246211112,320
0,0,231,255.7997909801198,1376.496299665245,344
0,0,232,190.115463453005,737.6006631955986,322
0,0,233,244.9887717509459,1393.535238354753,348
0,0,234,261.7199015581319,1280.474539696306,341
0,0,235,248.8345484894739,1293.873386669935,361
0,0,236,245.6693176222809,1420.275141969151,296
0,0,237,199.4276130910899,838.5101667226169,327
0,0,238,229.2543462386458,1025.804801524473,363
0,0,239,209.5234455618032,1595.077616287819,298
0,0,240,209.2794697227901,1008.78243482863,311
0,0,241,169.2003567036398,989.8300778028399,306
0,0,242,172.541934485013,1044.714923114349,274
0,0,243,184.8748157206237,1189.648643605567,304
0,0,244,133.2224270240515,461.1943842648768,294
0,0,245,175.1245415429329,1073.560619038422,298
0,0,246,179.9429369784308,995.4164849163163,296
0,0,247,192.0525667319283,1254.999543360863,291
0,0,248,145.6912761792485,778.3639091173435,279
0,0,249,130.7088556990767,572.6980164951353,289
0,0,250,155.6266033133242,1133.634640395607,264
0,0,251,105.0133791718858,287.6797669247644,271
0,0,252,149.2902538616879,836.2279006083298,271
0,0,253,227.493575872367,1769.143643924501,268
0,0,254,171.6362462160796,951.0603853097252,282
0,0,255,135.449751441753,913.4579387479416,239
0,0,256,170.8611395762956,939.4928201457892,250
0,0,257,227.3511133951568,1760.603386806036,253
0,0,258,142.9474565666249,511.7574859746429,255
0,0,259,187.7108941488497,1100.955543159728,240
0,0,260,151.975460694273,797.6315118864319,256
0,0,261,196.657818298046,1186.764449100451,262
0,0,262,200.102134641552,1498.96583628791,239
0,0,263,202.3999100449419,1212.478632097061,275
0,0,264,160.919652031294,1045.371465074694,244
0,0,265,203.5244422529804,1232.991873347075,259
0,0,266,158.1718462791441,662.2117766718425,220
0,0,267,114.9664671962645,476.2393433014748,224
0,0,268,145.6519213279256,1351.604212854171,217
0,0,269,124.4734084704675,609.3747336460997,226
0,0,270,147.1811900595422,649.7324999557469,221
0,0,271,178.5320733416296,987.2501801783289,222
0,0,272,181.3042704747698,1054.985707181524,208
0,0,273,154.4431090721286,815.3050616751385,207
0,0,274,151.1368663069011,974.7715063067787,206
0,0,275,158.5065265569704,959.2735404218864,226
0,0,276,121.5313986597994,592.7365671255941,204
0,0,277,138.93099497931,1052.389145698745,194
0,0,278,90.7810756001374,334.7420161214392,189
0,0,279,127.2395141423313,626.419251262791,211
0,0,280,193.2825528434427,1982.80616065047,227
0,0,281,138.2055496766276,640.9354778139433,199
0,0,282,116.95269096944,479.0283629496766,193
0,0,283,121.7777424923035,616.6868736401392,183
0,0,284,123.0084300964776,728.8873570024771,205
0,0,285,140.8321203171863,1163.27403952417,189
0,0,286,165.9703738269129,799.0602225604275,200
0,0,287,151.709746983641,1226.320454455224,186
0,0,288,157.8791014334294,938.5834283012319,213
0,0,289,97.72751525739734,451.6772441798649,176
0,0,290,108.2480028004595,362.3198928011573,189
0,0,291,105.7679564878689,350.4923162599842,193
0,0,292,120.0919547973646,501.9452233233578,176
0,0,293,168.4141279279092,1349.868676204934,185
0,0,294,120.4374715201981,576.8340556496286,173
0,0,295,134.9839898607462,1343.509026850014,185
0,0,296,130.2171339070666,676.2829107100293,186
0,0,297,134.3495256763311,685.226690442785,185
0,0,298,128.4195002070135,621.8269108510626,178
0,0,299,117.501634797638,590.2679320132652,170
0,0,300,129.7758556256942,907.7573983843218,163
0,0,301,93.87687633588075,439.2754668984604,171
0,0,302,82.13707175283619,369.6950525391877,156
0,0,303,112.6887069930412,1954.743474054953,150
0,0,304,74.65650700713782,185.9528096659076,158
0,0,305,155.2038844362473,1483.909744042841,181
0,0,306,102.5985415598812,496.8912260188609,161
0,0,307,87.43590422626362,397.3816821890898,150
0,0,308,81.427243788141,388.3554235180083,154
0,0,309,125.0560878946304,754.0778642981726,161
0,0,310,120.569519887991,985.9355028629794,139
0,0,311,101.0365922782999,1108.459565773599,140
0,0,312,64.12417077894732,234.4068074641609,153
0,0,313,87.22411712186297,417.404706296919,156
0,0,314,98.98344995718041,447.21648505414,144
0,0,315,107.1254694245777,552.2768997404993,148
0,0,316,88.49938098747428,458.8120477737863,151
0,0,317,59.25726417156733,285.4598411267356,133
0,0,318,74.63161830891984,297.8383859465829,159
0,0,319,78.04760394753183,508.0535580606883,142
0,0,320,106.0268352745509,891.2542097373248,156
0,0,321,98.53959792086046,458.6110378657669,136
0,0,322,128.4203280119966,777.4457628421925,141
0,0,323,99.49370142969613,580.184761515321,153
0,0,324,109.4614234405315,704.4323028309499,145
0,0,325,76.86283082889734,271.0865809535563,135
0,0,326,102.3303499792424,566.5256927456018,128
0,0,327,84.84893672649291,410.8654470055353,129
0,0,328,92.17655114932047,365.7216072549389,143
0,0,329,116.3244382499081,1070.4517306051,123
0,0,330,116.232383796591,774.2792329108775,144
0,0,331,107.0934665558907,504.5950790066882,127
0,0,332,114.1862739228362,696.4509415831934,125
0,0,333,85.57857645129926,518.8105274572985,111
0,0,334,64.57146194259197,246.943373241121,121
0,0,335,111.8560698579267,1097.167022810558,126
0,0,336,31.11178953036728,67.39533883269367,111
0,0,337,59.34096851784013,238.4081722082789,103
0,0,338,44.43622626061216,174.1778112649601,104
0,0,339,56.34240029112519,155.685405949027,123
0,0,340,66.96048907604469,247.7973250750132,120
0,0,341,67.2620446429967,286.3567790618393,111
0,0,342,47.78004678681206,160.8425092900201,98
0,0,343,47.67237459269448,118.2619700235409,108
0,0,344,59.24019550159282,403.731877953279,109
0,0,345,87.233238732941,864.399626163546,116
0,0,346,52.71373978891027,174.4359954285988,104
0,0,347,42.61696045594314,141.5331357929185,101
0,0,348,43.32315341852885,68.3563567089405,106
0,0,349,79.91876179807151,594.6295774278976,91
0,0,350,71.66709052101311,332.7731048149598,107
0,0,351,90.22614675110421,633.3055031003213,104
0,0,352,61.53372544636466,345.9162335014093,100
0,0,353,62.42657874990304,277.6252212071366,99
0,0,354,68.95473663076348,321.8957784684536,97
0,0,355,55.92616849420921,262.4079965839049,85
0,0,356,41.32347249415317,390.0607362702123,67
0,0,357,60.81158724271341,321.4900223536083,91
0,0,358,67.8922529705567,388.3945600293291,89
0,0,359,53.09667116407054,229.4700483059765,96
0,0,360,68.91953860976999,480.9409429628426,93
0,0,361,88.76077701301838,857.0912684999577,99
0,0,362,52.26075372007274,196.0512627356486,96
0,0,363,43.89564605149513,88.49052477637088,96
0,0,364,45.42765668054228,124.7416752857381,99
0,0,365,38.28103141680159,137.7710954848209,83
0,0,366,74.35360535041661,393.551725672688,95
0,0,367,69.39139184671521,401.3696575245966,104
0,0,368,55.1508097370903,451.2701994763942,84
0,0,369,84.18887053006145,558.6251742308949,106
0,0,370,36.43105454529139,94.98069694618371,94
0,0,371,107.2811893464194,694.6896477593699,96
0,0,372,42.34993482174212,131.7374565942979,80
0,0,373,83.37921285829799,532.2670334617861,88
0,0,374,53.46995689496507,168.9503424091416,89
0,0,375,60.02979007628624,257.4202214253217,91
0,0,376,62.9934871844026,479.613988727193,70
0,0,377,40.91991329182141,146.4547282246897,77
0,0,378,60.52007867951942,325.9128591635734,75
0,0,379,51.94726483977719,250.7511525029797,84
0,0,380,82.73917421238215,383.5304857545497,93
0,0,381,41.21388207663285,110.7424963337404,81
0,0,382,92.54381026202819,509.2982011833965,99
0,0,383,80.96109150893884,382.9768684740422,86
0,0,384,91.94452214528506,536.9905173164185,86
0,0,385,59.05585893044195,250.9678671243387,83
0,0,386,53.75663175466205,180.7310282430658,82
0,0,387,48.70272298875065,201.8929996983705,78
0,0,388,48.2138773850084,201.3430134608327,76
0,0,389,42.63176899852758,166.7884303097142,71
0,0,390,45.76195158467095,165.9665000144421,74
0,0,391,62.11945597454942,357.8168449516748,66
0,0,392,61.9096484883619,318.6283973972814,72
0,0,393,57.87304105573799,287.4493356988156,71
0,0,394,45.38504770175448,166.7205619671031,63
0,0,395,48.26233915163427,200.4826054441267,66
0,0,396,46.78769783010647,187.8858338902264,66
0,0,397,34.63523047222838,90.29761702693226,72
0,0,398,46.01223986613278,207.6659765552559,76
0,0,399,47.95024958138058,232.2976751687974,86
0,0,400,56.77288753066114,292.6741244200232,74
0,0,401,65.18436861393617,267.8336634295584,86
0,0,402,63.80176630423704,543.279515984948,70
0,0,403,30.05454480049268,64.55270498840436,57
0,0,404,35.24047820248187,87.24737618056947,68
0,0,405,61.4275569648166,309.7495008860278,78
0,0,406,34.61916587987176,71.49371521777445,72
0,0,407,51.10058018897615,364.7761360097504,66
0,0,408,57.21099052694777,292.7252778157057,66
0,0,409,47.86486699827789,167.7237670904012,64
0,0,410,74.97651444516377,541.3179911287833,73
0,0,411,50.07272795058692,224.6938940767164,62
0,0,412,44.44410769402474,233.4414028914318,66
0,0,413,72.75090284842206,922.3864297807779,58
0,0,414,95.39736250381712,1284.811595471483,61
0,0,415,22.43000159632246,69.94703595289673,45
0,0,416,32.0427317937825,122.6580178444007,52
0,0,417,22.82353873779522,61.05231003294649,61
0,0,418,21.98040415323227,66.2589879210942,62
0,0,419,18.78141701713105,43.11616767978648,47
0,0,420,34.91567438493884,275.7323528591087,56
0,0,421,29.23413874029844,89.99265690319868,54
0,0,422,31.98438076864791,127.1060578005101,50
0,0,423,44.62410647111744,280.4436222708213,47
0,0,424,70.60021017128474,477.8968296084732,54
0,0,425,65.52604083053951,497.1828883814564,61
0,0,426,51.20125659203876,288.1924699598872,66
0,0,427,29.84881106409525,69.40208183046212,57
0,0,428,29.76983918789741,84.05255383793509,44
0,0,429,31.56961887171834,100.2728425473991,44
0,0,430,47.19747711701955,268.9933238623419,50
0,0,431,28.36588133394857,141.7364314128044,48
0,0,432,39.99536073819236,193.2954977337069,40
0,0,433,28.46215243848929,108.8628482569095,53
0,0,434,50.65486004921887,388.0407430874948,46
0,0,435,29.23796174798552,128.4908511220059,39
0,0,436,18.42150338572178,61.52872566201096,39
0,0,437,27.30537751930894,149.0060168079216,35
0,0,438,12.60918840821493,19.37085814629417,37
0,0,439,21.31750987932198,153.9633694184257,38
0,0,440,35.92581399065845,214.1165789334089,48
0,0,441,33.62151384558842,158.0059782471743,40
0,0,442,19.61514400211597,92.90772215525199,28
0,0,443,26.33398613145781,159.6269464638576,26
0,0,444,17.93291210477038,35.47197605131255,33
0,0,445,30.85778056815436,238.3175907623881,44
0,0,446,24.00147654787346,87.42030928344634,32
0,0,447,41.11373419552743,316.7025024497796,46
0,0,448,30.51005639816594,145.0656382781324,41
0,0,449,19.28729975706119,51.73464649296827,51
0,0,450,60.58704132970515,796.2698796604644,50
0,0,451,28.76637012810485,197.0720568894694,48
0,0,452,10.93421110273404,12.22118924440894,38
0,0,453,22.52749769668868,55.22097523550671,47
0,0,454,24.83989641734471,83.01522792699464,53
0,0,455,53.10975720137995,296.0139472076713,46
0,0,456,22.01299067053766,64.43517547032413,37
0,0,457,48.63891653901361,413.4583148639376,46
0,0,458,39.76997634105657,245.546614291873,35
0,0,459,33.70226116738937,175.2490991771207,37
0,0,460,24.22240252315551,127.3623350005983,32
0,0,461,26.76730334732897,123.4184114106489,29
0,0,462,25.5106331778613,146.4738107542169,35
0,0,463,27.40377502374343,99.57496687005941,38
0,0,464,10.97601903317889,13.23560757675004,31
0,0,465,9.849036209141412,21.28624714557174,31
0,0,466,23.19738393150776,127.8541718170438,41
0,0,467,21.13491098893692,216.6731472371203,35
0,0,468,14.26515030973449,57.5612174864372,31
0,0,469,7.127742407039621,10.42343180542283,29
0,0,470,24.30020048893726,119.8968944012604,41
0,0,471,18.08199653868014,76.06656717303571,36
0,0,472,9.947096546600829,24.3872742610022,25
0,0,473,27.53687565517617,275.0680236228322,34
0,0,474,7.791851007504897,7.760725094305358,28
0,0,475,7.814980267275979,8.948144707268915,22
0,0,476,46.50098611075181,684.789944598698,33
0,0,477,23.0965087462464,137.2535355640223,37
0,0,478,19.81030515761839,70.83698304104315,33
0,0,479,27.966787257793,153.4382214734865,33
0,0,480,32.55805522842433,148.0666134463096,32
0,0,481,38.35707448862227,221.2910975429252,31
0,0,482,9.227383570031005,19.51610016822928,25
0,0,483,12.84965989874858,39.8832277532531,25
0,0,484,19.84064138639845,86.17003997741763,35
0,0,485,14.30607314155228,60.27956547194102,26
0,0,486,27.42472326462721,202.1871929497652,25
0,0,487,29.99005958129285,261.7569866991244,32
0,0,488,18.66049382095657,190.6922287095013,32
0,0,489,6.796497122005853,4.027974510434578,32
0,0,490,5.363744689815569,2.791899158882642,26
0,0,491,4.757984169951754,1.219247728277262,33
0,0,492,12.21005211654985,18.53002294920017,36
0,0,493,12.35125626706995,19.26931446260535,26
0,0,494,25.17723584704134,72.15051229248746,32
0,0,495,19.58564671415831,60.30815074537445,27
0,0,496,20.56463451431672,98.01087915119328,25
0,0,497,26.78392975690478,142.1187955699795,28
0,0,498,36.86238069762847,234.4926044510741,27
0,0,499,20.01921437083978,68.36588364444114,26
