# mesh name: boxMesh_1
# primitive scorer name: doseScorer
# iX, iY, iZ, total(value) [MeV], total(val^2), entry
0,0,0,7700940.439006825,9429635.414283492,10000000
0,0,1,7785149.506851766,10016084.48854589,9997914
0,0,2,7848057.295909595,10360058.96109638,9993582
0,0,3,7904880.059088282,10534589.24953461,9988062
0,0,4,7961871.367839639,10761862.47448481,9981580
0,0,5,8014472.282559584,10995711.71313403,9974019
0,0,6,8062257.906121389,11006789.02420987,9965724
0,0,7,8107061.964731582,11038028.67873392,9956620
0,0,8,8157743.380937014,11282040.11854271,9947157
0,0,9,8201309.878101174,11320861.55884528,9936821
0,0,10,8250213.538548876,11519615.6626698,9926202
0,0,11,8291468.418789171,11507544.1151627,9914790
0,0,12,8339924.769166475,11738101.77938184,9902784
0,0,13,8381755.568603332,11705222.64247744,9890538
0,0,14,8427931.459625434,11809675.64004855,9877537
0,0,15,8472539.549392072,11924003.48386766,9864077
0,0,16,8520439.790892914,11998654.05976145,9850375
0,0,17,8568441.207963306,12157813.28012429,9835928
0,0,18,8615832.591457661,12318763.60536441,9820905
0,0,19,8658780.855527451,12234928.49984526,9805662
0,0,20,8708963.511344763,12432741.34093092,9789927
0,0,21,8752478.931125781,12386434.78654889,9773955
0,0,22,8806511.44871421,12669967.18295538,9757478
0,0,23,8854217.316357283,12760546.09063692,9740682
0,0,24,8886136.506212767,12747623.81391012,9723349
0,0,25,8863123.218064854,12855232.62268118,9705624
0,0,26,8855912.51377794,12750804.32133691,9687591
0,0,27,8912953.932437191,12846612.445577,9669373
0,0,28,8979162.111150552,13000427.58301761,9650469
0,0,29,9048182.812135097,13247025.26758086,9631116
0,0,30,9120852.151008334,13439154.93386626,9611414
0,0,31,9190377.23373339,13369519.09298088,9591600
0,0,32,9271705.808916686,13627756.37689949,9571442
0,0,33,9354151.438016908,13809547.6359522,9550538
0,0,34,9436038.908559849,13878453.67091656,9529491
0,0,35,9522821.630058831,14108681.20618404,9508003
0,0,36,9611106.235117307,14355500.7941162,9486205
0,0,37,9697749.484336741,14622031.43387133,9464367
0,0,38,9782768.192664709,14741912.11323213,9442155
0,0,39,9864629.648227878,14947570.70860923,9419167
0,0,40,9937273.085526781,14946904.75146202,9395571
0,0,41,10014550.34754359,15281873.09707617,9372172
0,0,42,10082704.15161623,15438468.79766762,9348455
0,0,43,10151341.06240572,15668251.55045045,9324217
0,0,44,10215064.07124086,15786996.21180529,9299595
0,0,45,10286233.4719783,15967648.58986506,9274548
0,0,46,10357191.78621847,16095764.27781814,9249337
0,0,47,10441724.96639786,16340664.96668593,9223152
0,0,48,10534881.77704315,16624364.54673951,9196960
0,0,49,10638133.01596004,16832255.5155702,9170263
0,0,50,10758014.07266032,17266131.20026566,9143160
0,0,51,10884949.31426181,17502592.42266181,9115524
0,0,52,11032720.31393512,17953518.00284358,9087689
0,0,53,11185726.97042315,18394639.0187977,9059010
0,0,54,11353099.68644593,18851836.11242823,9029660
0,0,55,11530961.18996575,19386567.24325085,8999937
0,0,56,11719494.26192715,20032353.82828208,8969946
0,0,57,11905290.08130257,20489223.38401832,8939336
0,0,58,12092005.17821112,21004464.30753402,8908193
0,0,59,12277520.3993387,21579775.21189712,8876268
0,0,60,12468495.6708211,22190150.11526496,8844061
0,0,61,12672133.8368959,22905201.54264052,8811385
0,0,62,12894502.54252582,23606745.88054269,8777339
0,0,63,13152599.1792035,24569282.26559129,8742739
0,0,64,13459151.75828341,25906564.1945123,8707270
0,0,65,13805876.32012403,27334523.87741874,8670763
0,0,66,14183524.86835939,28632943.22308975,8633013
0,0,67,14591608.86996874,30024776.51387639,8594046
0,0,68,15029417.11468579,31634164.4568168,8553777
0,0,69,15489146.03672064,33180822.29409518,8512154
0,0,70,16019104.77871048,35219662.58609535,8469464
0,0,71,16650241.02458735,37698218.11087331,8425231
0,0,72,17426556.10749987,40987311.76017695,8379409
0,0,73,18369541.34730835,45336811.80737049,8331580
0,0,74,19506910.87368352,51084214.24954411,8279573
0,0,75,20933674.04635724,58876772.06593399,8221312
0,0,76,22819219.91285267,70119686.24332392,8153306
0,0,77,25446574.47868377,87719364.65033202,8066595
0,0,78,29563473.51644493,120839876.1729276,7942639
0,0,79,36113626.21211655,188091695.7709005,7699385
0,0,80,39176136.61671899,247109754.2466311,6833068
0,0,81,25118202.16190626,165373697.0789787,4306506
0,0,82,6547702.377511165,40021799.64901655,1295162
0,0,83,546300.1224006696,2910685.858841106,135825
0,0,84,16549.01145659662,79494.58731120838,9303
0,0,85,4827.001607987436,25066.45565745998,5929
0,0,86,4837.617935293985,26140.3181909462,5775
0,0,87,4397.451313827346,22360.63023085401,5571
0,0,88,4069.981291196281,22090.23053249707,5281
0,0,89,4160.02456729168,21756.61728429543,5113
0,0,90,4229.318172523151,23534.61644199551,4969
0,0,91,4216.155458716699,26476.29831073106,4861
0,0,92,3977.220564717751,20888.96547669722,4703
0,0,93,3932.813457720599,23601.88165447782,4478
0,0,94,3585.307570782596,20166.12256257641,4393
0,0,95,3487.251782172236,20570.65300590714,4152
0,0,96,3367.527672081516,19373.56354482991,4107
0,0,97,3193.505043169097,16752.24191280904,3924
0,0,98,3084.574574732752,16581.56858661496,3952
0,0,99,3189.023205776044,18586.89593673528,3866
0,0,100,2848.586947469244,14262.85400967862,3694
0,0,101,2736.299608906928,13561.80130287868,3518
0,0,102,2835.258798216787,16993.7851157505,3396
0,0,103,2631.292545800457,14203.6088736864,3344
0,0,104,2606.744582634084,14975.70932123191,3187
0,0,105,2678.213603671206,16129.5938416847,3092
0,0,106,2452.899016276805,14650.62065959269,3016
0,0,107,2407.857675763638,13492.05947550823,3020
0,0,108,2506.615019608412,13886.87610248232,2909
0,0,109,2277.936897136801,12302.63406197431,2874
0,0,110,2337.691379278224,13286.42408749376,2853
0,0,111,2481.874104357308,14433.19655847232,2823
0,0,112,2411.264879081856,16288.72079446166,2711
0,0,113,2342.820085663046,14000.11201494505,2677
0,0,114,2264.943717408553,13318.08611101957,2577
0,0,115,2252.828867430948,17186.52392729249,2457
0,0,116,1999.824172373397,10692.41223063428,2457
0,0,117,2070.985551182649,12461.84838136061,2406
0,0,118,1876.837172498713,11330.01088882039,2353
0,0,119,1625.983303251441,8094.105518695374,2334
0,0,120,1844.958096354037,12141.70890967856,2292
0,0,121,1648.752433884514,8116.910054016881,2192
0,0,122,1674.975979304407,8754.672591250739,2105
0,0,123,1769.362802686119,10248.56222802287,2136
0,0,124,1736.326649898257,9645.667767596444,2097
0,0,125,1919.569376559723,12862.530607515,2077
0,0,126,1750.764856944953,12134.53559098534,1981
0,0,127,1559.116689349616,9804.72421348993,1857
0,0,128,1579.432080076286,9753.023686456689,1816
0,0,129,1279.352816871863,5826.468689752402,1787
0,0,130,1575.654556204542,9318.774842329238,1779
0,0,131,1586.256799157634,10224.78087901732,1807
0,0,132,1572.985339094038,9323.933426831163,1690
0,0,133,1401.901773600685,7312.519579671078,1673
0,0,134,1421.889088832103,8701.038549270024,1680
0,0,135,1349.884621246631,8404.000850076673,1612
0,0,136,1244.601201138314,8388.413521501358,1542
0,0,137,1286.170924143504,7181.764625745619,1574
0,0,138,1030.74857000068,5058.164575449438,1541
0,0,139,1299.255598927259,8375.668430477073,1555
0,0,140,1185.531994667158,5812.964778192098,1507
0,0,141,1184.687540737147,5772.227662693681,1487
0,0,142,1234.41295533374,7428.712756235042,1454
0,0,143,1191.537459967328,8115.03660028071,1421
0,0,144,1116.598609647591,5984.634943430554,1362
0,0,145,1092.555897187289,6584.757229171304,1324
0,0,146,980.4410569965597,5052.203084488917,1353
0,0,147,950.3682235931124,5149.859889825487,1283
0,0,148,953.4820344106455,4993.588253541861,1262
0,0,149,1099.922602548404,8407.628174071042,1263
0,0,150,982.5339583029156,4946.230242483794,1251
0,0,151,915.4354495538095,4772.583650218,1247
0,0,152,958.0206520682256,5414.439379957465,1219
0,0,153,893.0706331390983,4985.600965914057,1173
0,0,154,985.7831932607832,6596.386146081206,1196
0,0,155,1017.816440902394,6596.638873623804,1135
0,0,156,809.9151687489236,4595.831924799364,1061
0,0,157,806.1395187239344,6463.17815186068,1067
0,0,158,852.4967237472579,5805.697465050512,1049
0,0,159,776.1552100337555,4267.07387283266,1008
0,0,160,749.4246450554517,4119.722066051897,1012
0,0,161,719.8350748453208,3793.918255383287,968
0,0,162,782.4279471087476,4941.536640366093,970
0,0,163,852.1018689453314,5995.331551083555,956
0,0,164,741.1936285149383,4193.079919377541,990
0,0,165,754.8649841085319,4230.175346682572,874
0,0,166,639.0256249458718,3122.093885611614,881
0,0,167,641.2094697349614,3160.897336989191,896
0,0,168,738.8918942433269,4379.922656081306,857
0,0,169,879.0594665342578,7737.572377414002,882
0,0,170,695.893382471932,4486.76117271678,859
0,0,171,696.7597465939857,4547.346929201384,841
0,0,172,671.7119433660115,4615.871667040831,823
0,0,173,562.7452846549625,2829.523775554989,805
0,0,174,498.4220240358058,2068.89205219001,796
0,0,175,545.5209024966866,3142.285666068502,793
0,0,176,530.2556712528133,2325.043667181421,784
0,0,177,548.7466401682677,3126.679043935122,804
0,0,178,586.7753887589649,3363.708349057009,782
0,0,179,578.8708072067207,2914.193184057793,753
0,0,180,588.27275710015,3397.14373356025,727
0,0,181,574.8843470091025,2965.736518578104,769
0,0,182,564.3737410314352,3290.46804559943,736
0,0,183,595.6424998641857,3602.995292867235,737
0,0,184,529.5874939105056,4168.282901046719,731
0,0,185,537.038192041455,3462.696521258215,710
0,0,186,418.1794155689005,1657.05408915784,718
0,0,187,434.6693312635001,1759.136341056503,694
0,0,188,495.7614227934653,3387.381753070513,704
0,0,189,535.8718732113746,3794.164369541442,683
0,0,190,518.4395185143221,3031.638821416339,660
0,0,191,447.9275746521782,2447.911583887991,627
0,0,192,423.19939189499,2373.828402565613,627
0,0,193,494.3198590930372,3272.45793440942,602
0,0,194,414.7513624557978,2191.967975379902,610
0,0,195,476.8030804406739,2959.78484991259,615
0,0,196,422.0801689472862,2231.668456502577,623
0,0,197,521.835401524971,3045.386064775925,620
0,0,198,435.8066809205648,2522.745694507322,581
0,0,199,447.6763823894632,2877.985885618236,583
0,0,200,523.6230997770552,4330.02161309721,572
0,0,201,400.4117846764631,2342.796502817782,574
0,0,202,386.1672898899732,2375.71360134522,526
0,0,203,384.9144407303179,3406.458720550598,534
0,0,204,399.5067583531732,2227.496313777538,518
0,0,205,340.9163852323587,1572.486437153829,515
0,0,206,369.1458910503304,1829.413842242158,527
0,0,207,361.7892201843405,1728.290258565772,512
0,0,208,393.6014874462051,2824.824047684176,478
0,0,209,404.3193084826596,2671.966296955466,506
0,0,210,367.8114707888519,2092.320775346158,504
0,0,211,373.2226643001768,2168.054774104941,499
0,0,212,298.1129836694947,1122.315507369063,488
0,0,213,323.3715529933703,1701.710796329372,495
0,0,214,366.403455658435,2311.461274201788,476
0,0,215,322.5070585313616,1780.351604013797,464
0,0,216,275.0733622973266,1073.852213848793,409
0,0,217,376.5427220207277,1839.480103193795,476
0,0,218,342.6564051360101,2020.919004459105,441
0,0,219,388.8699794924426,2744.798693501662,504
0,0,220,366.0766354400389,2079.367292214034,475
0,0,221,388.4036899693187,3341.26981123316,464
0,0,222,335.2633546900394,2213.063860783341,435
0,0,223,285.4685090469574,1525.885229446541,459
0,0,224,313.5258842094844,1635.46148786912,449
0,0,225,277.7350282198395,1189.642474426574,418
0,0,226,289.302533036689,1316.018555911689,395
0,0,227,318.5860787095213,1890.576981776585,421
0,0,228,281.8630087684062,1367.57085568155,410
0,0,229,231.3871296781784,847.3405791299379,411
0,0,230,284.0463784923036,1309.939399624175,394
0,0,231,348.4009316637946,1865.285749709703,408
0,0,232,290.6220320639321,1302.605641117135,417
0,0,233,305.7680436061253,2018.583369214517,397
0,0,234,247.4414684792012,1200.275496440948,414
0,0,235,332.4414684145779,2252.414661304565,405
0,0,236,255.0434860187349,1394.386965137918,353
0,0,237,281.0023395327517,2220.733294386775,366
0,0,238,259.8863889153349,1494.73615586658,358
0,0,239,243.4941455521425,1544.255891079824,334
0,0,240,267.3771866580801,1928.657239256311,340
0,0,241,243.9871472224998,1323.947731412922,343
0,0,242,242.2945013916701,1294.561887051181,353
0,0,243,311.5204350701226,2922.741373586767,324
0,0,244,258.2594861037534,1506.789742803466,314
0,0,245,288.4974177527229,1765.137429399651,346
0,0,246,237.5085528245831,1437.224993617577,308
0,0,247,253.3001885964989,1668.068162948397,325
0,0,248,201.0162445756054,894.3299138956367,312
0,0,249,260.6556082487834,1470.634538939189,337
0,0,250,295.5150636703235,3946.141415141258,310
0,0,251,217.0925663578361,1171.118034432386,304
0,0,252,264.5332190019629,1862.598264294358,296
0,0,253,210.7568637734542,1077.537323781761,283
0,0,254,265.4126201361557,1801.419428869985,307
0,0,255,222.1030077574927,1287.406276373848,287
0,0,256,191.9739085397555,1033.863095413701,281
0,0,257,204.2435233403126,1020.571819296877,287
0,0,258,227.1687790702119,1178.06466517164,289
0,0,259,286.3880088981994,2135.386838138686,297
0,0,260,227.9140612601847,1718.579569725717,294
0,0,261,214.4229318273226,1090.834672779557,264
0,0,262,166.5983796691914,681.6634308127227,268
0,0,263,195.7644769354867,867.9614511913999,273
0,0,264,295.4730807579959,1963.652594484133,264
0,0,265,224.3769915246542,1029.842374793768,252
0,0,266,160.4933325684424,805.0172040740483,254
0,0,267,125.7448677356914,446.7421814988597,239
0,0,268,191.500112049168,1185.644293807587,237
0,0,269,189.6392018495378,1468.838075697991,237
0,0,270,157.4153044231456,881.0971734488137,250
0,0,271,138.6950220356666,996.7282244036599,228
0,0,272,203.820971007276,2247.540142272065,250
0,0,273,133.7748460212723,755.172978295491,224
0,0,274,132.2067495862813,738.1068976179284,232
0,0,275,136.8445326796214,725.8140954910402,232
0,0,276,175.6679742411923,840.2244668180773,255
0,0,277,169.3058698309483,1140.473871594225,241
0,0,278,102.9520767684697,503.0023282232669,218
0,0,279,167.9965092611136,1021.303825708111,241
0,0,280,179.6460042126887,1318.430402171458,210
0,0,281,135.1370369799384,755.3428715442618,202
0,0,282,127.5398460314021,702.6883726889835,214
0,0,283,171.1412615781484,1162.574955145926,232
0,0,284,97.45782594748614,297.6539339781094,215
0,0,285,221.2021751353145,1779.599120848248,224
0,0,286,160.1082291954083,925.9153606872719,235
0,0,287,121.7191429814943,484.5579378549832,237
0,0,288,155.5362534028346,733.3484600609809,242
0,0,289,127.4414956650251,544.1563075041829,218
0,0,290,124.512799977997,773.4178698839802,211
0,0,291,125.644151768588,1141.041610268857,191
0,0,292,152.0960240663051,977.751022060035,223
0,0,293,149.2891329289543,851.8223007091441,204
0,0,294,182.0606105733281,1680.892196135045,209
0,0,295,188.9267922693532,1276.35906554966,210
0,0,296,140.6669773778011,842.7752770709398,192
0,0,297,124.4182180998716,502.8015184343033,201
0,0,298,160.1374017150135,990.8709488757747,194
0,0,299,189.179479597918,1380.293873548331,201
0,0,300,147.7459083907743,826.3950019864297,170
0,0,301,104.5627918011047,548.4398199060392,162
0,0,302,119.2915647344653,1385.65632134517,171
0,0,303,152.5743400693518,1128.468944279092,190
0,0,304,83.91938467925695,363.2464923572724,154
0,0,305,120.4764113344316,547.8527319830822,157
0,0,306,112.1191814327683,715.2319500179126,142
0,0,307,88.28423802307945,362.0369005990663,158
0,0,308,97.13932266949702,507.7809001063351,159
0,0,309,84.74145675030432,551.4532169636128,159
0,0,310,76.98756168844164,294.4102967209349,159
0,0,311,100.6524760131025,603.9784721195654,148
0,0,312,109.7225544045184,763.8343961478986,151
0,0,313,104.1110238453254,525.2942020420238,157
0,0,314,103.3019431097242,1168.478865400047,148
0,0,315,77.28079164926591,332.8379011844127,148
0,0,316,140.632370615999,1047.92344725616,149
0,0,317,104.4478038419806,386.1083947890504,133
0,0,318,92.42897313453355,426.2332672380131,134
0,0,319,96.45055331914575,588.7869030922078,151
0,0,320,113.4622222415844,538.4026944524659,161
0,0,321,152.7838842133464,845.4151626165143,174
0,0,322,174.1861663132915,1180.927029896588,133
0,0,323,143.3875574044554,1073.692239721644,158
0,0,324,97.23210237520065,411.2949327940033,155
0,0,325,145.0784875685717,978.0901211461789,135
0,0,326,58.85627550148079,251.3180862715509,132
0,0,327,84.34096913525731,576.0367058362839,153
0,0,328,79.33589093324061,348.031418175039,151
0,0,329,103.9264304639466,803.7902256599491,149
0,0,330,80.39894808726484,347.6718241428416,137
0,0,331,78.70055879607038,295.9764988069672,153
0,0,332,116.5133959329274,1002.402527218092,140
0,0,333,113.4902581060105,772.2039384683283,146
0,0,334,130.924975588266,1156.004275189124,153
0,0,335,113.1583495162844,633.224114078557,154
0,0,336,82.82264304615993,303.2839233771091,149
0,0,337,64.97774001208029,246.0659209511642,130
0,0,338,81.39533356097418,456.5528360154471,143
0,0,339,76.63072662914709,519.6016035005501,138
0,0,340,55.24876722399346,191.7691593509662,119
0,0,341,68.1978966496563,308.9320143839221,108
0,0,342,64.37634422504306,278.665158641757,113
0,0,343,97.36332321108267,482.8021230495972,123
0,0,344,111.1046034962692,593.8018460744133,125
0,0,345,91.87143441650983,458.6529096275439,136
0,0,346,98.29459754274301,401.3548810100173,136
0,0,347,93.32654078624404,401.1997658551145,126
0,0,348,110.6380319416041,596.1417115265251,131
0,0,349,140.8546668451163,1522.673172714479,127
0,0,350,105.4619413496729,637.4991019815676,120
0,0,351,89.16139815419189,480.1292129480067,108
0,0,352,120.9321698145144,1005.084214552993,119
0,0,353,79.86146722045579,400.7951608045092,113
0,0,354,76.07151096438939,417.6140513860753,115
0,0,355,67.10274158571657,304.4888747977559,110
0,0,356,65.26371338713625,258.3179943899567,99
0,0,357,64.57483458894328,260.10403510579,118
0,0,358,57.83599997294411,202.0092305533532,99
0,0,359,104.4893643876551,796.6734739860019,106
0,0,360,89.34057357898745,501.5584400222249,100
0,0,361,42.8598031344851,126.5666520289916,99
0,0,362,65.42151142379201,306.8864811933891,99
0,0,363,50.45611701548568,226.0184411453095,87
0,0,364,48.98222673314853,135.6992364249934,94
0,0,365,82.69852493554737,504.3981445888253,92
0,0,366,43.76927461497973,103.1097921677012,93
0,0,367,86.18785995251315,871.5229638087619,87
0,0,368,61.28157804465159,254.3351970120326,79
0,0,369,112.5426630396202,776.7691464560498,113
0,0,370,79.86510553063914,374.193076989763,104
0,0,371,75.68081769915625,332.1472635912515,101
0,0,372,65.98486906908867,257.0665168626384,100
0,0,373,55.78676705916132,274.5459789249948,94
0,0,374,58.11327348293536,164.4390998759475,99
0,0,375,85.79377813738952,430.3291006861515,113
0,0,376,79.49021505114037,411.6602267475214,97
0,0,377,66.7511599536207,279.785756739508,91
0,0,378,36.80078190246184,128.9138870682922,84
0,0,379,53.6149388862208,250.088244689788,92
0,0,380,58.96939510070145,211.1612343003512,89
0,0,381,73.61858231662397,422.6720462462334,83
0,0,382,51.44403574574003,268.0716751066863,95
0,0,383,33.83746340629729,118.7867355573373,79
0,0,384,35.38994655728838,116.1198440443878,74
0,0,385,98.72090508722427,809.5568131665062,76
0,0,386,30.22606928094412,58.15246362763722,79
0,0,387,67.95592569855907,398.9856033574954,84
0,0,388,33.73321008932879,103.9064811034924,73
0,0,389,37.2625313511218,127.6889240193002,69
0,0,390,61.43778224293743,375.6526215299755,81
0,0,391,56.3555579881203,287.7210494665932,83
0,0,392,83.01113480968935,518.8224642941838,83
0,0,393,80.66855659969144,544.8594510353719,94
0,0,394,61.22684860571749,282.5778482864465,90
0,0,395,71.37009293926448,360.826968299098,95
0,0,396,62.67198103329397,276.8255725778043,93
0,0,397,68.72610016108003,417.5047395779869,71
0,0,398,35.20869786145365,79.58338872646274,81
0,0,399,55.19048714041129,738.1305593322295,79
0,0,400,75.19790864679703,629.64569459784,94
0,0,401,82.00241271172904,825.7719105913084,80
0,0,402,77.94453954524286,321.25461157507,82
0,0,403,75.83828637029406,357.0720121834843,77
0,0,404,75.05823156655752,349.7711011667536,78
0,0,405,69.71352356810557,341.4531218726588,82
0,0,406,50.24872779687413,169.57172043122,76
0,0,407,62.37904889082535,241.8867775641746,74
0,0,408,86.27183892249873,569.6343312767756,74
0,0,409,58.18203653461691,240.6060998996082,70
0,0,410,66.70852576771928,331.3408661040678,73
0,0,411,53.59466480512591,248.5016797683215,71
0,0,412,50.80875414647283,233.4133737551202,62
0,0,413,35.53533313648807,85.28737656791007,76
0,0,414,46.92455318716484,192.2877514737554,72
0,0,415,56.30621254195363,239.1503685284231,68
0,0,416,67.16406599307487,408.0797868717709,59
0,0,417,41.96026364544477,166.3831658299307,63
0,0,418,45.16304320812309,138.593071235241,64
0,0,419,71.62068800234532,1105.459031299248,61
0,0,420,53.29256613474803,346.4359170350704,61
0,0,421,54.33657711470317,411.5709738475984,61
0,0,422,26.90165690373355,143.834789842457,49
0,0,423,64.73779054993022,962.2285013859838,61
0,0,424,78.53378561050513,566.8689979249276,61
0,0,425,33.9018486217633,163.7376013818388,51
0,0,426,43.29158473125006,232.2584514737759,61
0,0,427,22.6706017375814,68.23142284141473,46
0,0,428,24.73478649979998,72.47039128454445,47
0,0,429,44.94818536181246,398.8935070802093,52
0,0,430,50.02083001644044,503.2897123909766,49
0,0,431,24.11348234096085,100.4758662576025,39
0,0,432,36.7235446750437,231.8840874292072,42
0,0,433,32.4436736475836,105.0843190047136,41
0,0,434,70.01518226328213,677.1421636368237,56
0,0,435,27.7359159628191,82.95348559551257,47
0,0,436,27.85634408669893,74.35216119911318,57
0,0,437,33.89982304043578,141.5982783199235,54
0,0,438,46.86596636028509,285.1694156328431,52
0,0,439,52.97183325907624,510.3594750965644,51
0,0,440,28.02849993223007,81.64403898127607,55
0,0,441,39.01755706857934,300.4151540019647,44
0,0,442,37.37186632344341,217.3740342139969,54
0,0,443,31.90885316604119,197.3033794814932,49
0,0,444,52.23833139229755,335.9139077852732,52
0,0,445,26.35621031954111,89.85245898080562,49
0,0,446,34.44912016411405,175.7356815528958,48
0,0,447,25.66810763841225,59.57473676830642,55
0,0,448,17.54648816164721,31.17713798684893,50
0,0,449,28.09930134314279,65.18989468822873,48
0,0,450,36.88064751362392,174.1164305735865,43
0,0,451,23.89564872760747,58.09651349842776,56
0,0,452,25.36755462949661,68.16461396836577,44
0,0,453,26.27135794002793,55.23710913075494,48
0,0,454,23.3414801073247,79.44252118757673,47
0,0,455,57.33005319545073,646.5844573266603,59
0,0,456,20.66866004092534,81.69392041202887,38
0,0,457,26.8498429747248,194.2781214995466,39
0,0,458,7.91048720050182,16.41954398970343,36
0,0,459,37.32207069675105,331.6667437581155,40
0,0,460,6.748887368523212,6.689416055437405,34
0,0,461,10.63499685338289,15.96070567875803,37
0,0,462,20.85661659961233,79.18438025107945,33
0,0,463,34.68383953023896,279.3184569232313,42
0,0,464,35.30249796468406,227.4282758509955,52
0,0,465,29.83271319693282,183.4951825553822,47
0,0,466,32.94899346505663,162.1300604466083,44
0,0,467,43.06879890986333,403.1089469394801,42
0,0,468,22.71326097033426,155.6131699243251,35
0,0,469,31.92139010856842,161.5390511548304,37
0,0,470,16.14726457429011,56.81932907016851,28
0,0,471,21.55640099007823,76.61545432813995,37
0,0,472,20.03765861957977,93.0773047873148,38
0,0,473,48.82555547581333,547.9342966296427,27
0,0,474,15.87546678754626,45.58684454847304,26
0,0,475,19.38156773596977,73.95045733356883,36
0,0,476,28.20421627303945,98.24386918125515,31
0,0,477,22.58773544520792,114.2710620500646,35
0,0,478,33.57725604822464,158.9764031937251,40
0,0,479,36.58816457020267,324.1806534106142,39
0,0,480,19.26957179672485,51.70252194790149,34
0,0,481,14.94378850933088,48.04430243464908,29
0,0,482,21.85603806632428,94.08320730696256,32
0,0,483,9.974525257590983,28.20953607236103,23
0,0,484,10.89111832842896,25.78077828778801,30
0,0,485,16.6173122144118,64.56674112172691,27
0,0,486,11.01870310690897,32.04861737546539,21
0,0,487,31.51186528653753,246.437327340399,26
0,0,488,13.68538401167683,38.58850192356108,31
0,0,489,25.57869541754825,132.4521331929048,24
0,0,490,12.79803248399391,24.37647939822315,24
0,0,491,10.70273496844128,11.62863422864856,24
0,0,492,14.39199052988447,32.70974967332234,31
0,0,493,18.28248781523508,63.90186705310094,33
0,0,494,6.465098819907628,8.168025265371476,23
0,0,495,4.873282704517646,7.178841632786093,18
0,0,496,6.948198716065166,11.74540563246427,18
0,0,497,19.49331973144771,105.5500200077972,17
0,0,498,7.169999103868981,20.00612709704378,17
0,0,499,36.01473457519447,157.1824186763596,28
