# mesh name: boxMesh_1
# primitive scorer name: doseScorer
# iX, iY, iZ, total(value) [MeV], total(val^2), entry
0,0,0,7127968.326462319,8600335.612547439,10000000
0,0,1,7201930.202395881,9243859.943683961,9998174
0,0,2,7257215.554334099,9498424.725541953,9994244
0,0,3,7304320.726481169,9716646.920091726,9989236
0,0,4,7352240.059520566,9991103.32994579,9983340
0,0,5,7394697.021603852,10098095.20673721,9976770
0,0,6,7436548.820835205,10289259.11658104,9969354
0,0,7,7473981.553762001,10369266.19494789,9961386
0,0,8,7509944.541954548,10418158.20570435,9952624
0,0,9,7544892.60444417,10461421.68600727,9943304
0,0,10,7579567.047771937,10554889.03025355,9933481
0,0,11,7612599.23324677,10553919.90348924,9923254
0,0,12,7647215.414987077,10673510.71910012,9912627
0,0,13,7683042.505136081,10715663.30164847,9901577
0,0,14,7718939.576858803,10859207.8177989,9890099
0,0,15,7753696.039170378,10982842.6488568,9877793
0,0,16,7787578.936536808,10976373.20565003,9865507
0,0,17,7817166.622107545,10911510.31789062,9852721
0,0,18,7855908.057988069,11178534.47023042,9839306
0,0,19,7888101.655303529,11173480.23556871,9825587
0,0,20,7917969.425095876,11179317.75026122,9811515
0,0,21,7954627.644563353,11266534.5769496,9797166
0,0,22,7984811.10023833,11214734.38250449,9782606
0,0,23,8021788.571979692,11365153.31110959,9767760
0,0,24,8053877.642920544,11415878.79628605,9752590
0,0,25,8091622.93986535,11461062.65547561,9736964
0,0,26,8129592.313636046,11633983.03101338,9720925
0,0,27,8161708.809666161,11624603.13355472,9704302
0,0,28,8198129.320178621,11693540.38798725,9687669
0,0,29,8235215.68170287,11774330.85237403,9670743
0,0,30,8273594.655142519,11932890.76558414,9653615
0,0,31,8310320.640234889,11889804.31679633,9636130
0,0,32,8346902.313464163,11986771.23052714,9618306
0,0,33,8388148.311922288,12095365.66621235,9600133
0,0,34,8427723.879528455,12235465.18955332,9581622
0,0,35,8462521.088418942,12155890.82491317,9562853
0,0,36,8503639.03572982,12191150.37937473,9543916
0,0,37,8547287.526391713,12442200.97105994,9524676
0,0,38,8589144.481754471,12508942.88188102,9504913
0,0,39,8631093.580868095,12621286.07446016,9485147
0,0,40,8668150.733958885,12747662.38253039,9464825
0,0,41,8671962.715755098,12664028.32883678,9444166
0,0,42,8650724.216381609,12608312.11331192,9423535
0,0,43,8667548.104682539,12738948.62220156,9402498
0,0,44,8718730.844990795,12829462.26996276,9381391
0,0,45,8776470.150355784,12803979.13672542,9359609
0,0,46,8840671.71434311,13020534.57484764,9337752
0,0,47,8903618.433850808,12954976.59888165,9315635
0,0,48,8977832.254394425,13244868.96648721,9293167
0,0,49,9052559.145312175,13449044.82632232,9270303
0,0,50,9127464.333452959,13527613.65968871,9247473
0,0,51,9202082.615816489,13590805.79455392,9224273
0,0,52,9285837.03344585,13944463.71985193,9200583
0,0,53,9367662.195389383,14132448.1233279,9177244
0,0,54,9449789.012403784,14355660.38712544,9153089
0,0,55,9524202.172398714,14428769.57158939,9128900
0,0,56,9597977.351023793,14605648.11246806,9103910
0,0,57,9671778.062327597,14858573.70528654,9078977
0,0,58,9730917.357948391,14822667.08584019,9053727
0,0,59,9796693.89549512,15101457.21204802,9028192
0,0,60,9856288.642410377,15261957.84550384,9002539
0,0,61,9919839.381955847,15420003.36867065,8976628
0,0,62,9986500.376052991,15643350.78545259,8950090
0,0,63,10057246.44420925,15698186.12040658,8923308
0,0,64,10139757.13158306,15934134.08164975,8896148
0,0,65,10233712.67123736,16325160.24749544,8868448
0,0,66,10337111.49449426,16585765.51796174,8840502
0,0,67,10453383.5926761,16919055.47025795,8812136
0,0,68,10577647.83827679,17200995.58649694,8783225
0,0,69,10716227.88181455,17539880.22785527,8754087
0,0,70,10871222.89775079,18049079.83604664,8724809
0,0,71,11032794.51676843,18432655.11589188,8694919
0,0,72,11206386.16696299,19001164.74762657,8664611
0,0,73,11383685.09715677,19529168.58251405,8634108
0,0,74,11563616.69492538,20063792.51435138,8602606
0,0,75,11742221.7467909,20588570.86018253,8570892
0,0,76,11918411.05886064,21116019.29470452,8538410
0,0,77,12106704.06220792,21805473.83412691,8505269
0,0,78,12305811.69873021,22450110.02039112,8471452
0,0,79,12535526.0794683,23297713.07342602,8437338
0,0,80,12799239.96311699,24311412.5160912,8402637
0,0,81,13103663.38908765,25493714.31522589,8366932
0,0,82,13446810.29395314,26851990.90483274,8330061
0,0,83,13824710.72406092,28225556.50866339,8292442
0,0,84,14226995.24445045,29627084.73173036,8253292
0,0,85,14649979.24189492,30996852.17850605,8212484
0,0,86,15130881.62871753,32925833.60647615,8171136
0,0,87,15678558.41162664,34989134.68257219,8128453
0,0,88,16344170.89626835,37715400.79486717,8084019
0,0,89,17158461.26613444,41401005.90335742,8037758
0,0,90,18140548.92064896,46161881.85185907,7987969
0,0,91,19350358.27003765,52545518.78842493,7933173
0,0,92,20905249.41537567,61503708.63915735,7870326
0,0,93,23012511.31547572,75020732.76932725,7792974
0,0,94,26104399.72251423,98271201.01616247,7687058
0,0,95,30813210.21948073,142114725.7117682,7501936
0,0,96,35339299.6903737,199849461.6688417,6993747
0,0,97,31626494.07131496,201019940.7122552,5530609
0,0,98,16995892.81313414,110241188.569324,2989380
0,0,99,4488283.325071148,27728348.17745701,874622
0,0,100,507792.300693094,2854469.026779078,118972
0,0,101,27139.24184596425,141713.9632176071,11968
0,0,102,5673.854139756367,30889.71439579253,6332
0,0,103,5243.225387182622,29531.88756614575,6113
0,0,104,4946.178224828634,26981.98000108894,5833
0,0,105,4919.22045219215,26953.33643255954,5679
0,0,106,4856.769903028405,28963.7118700098,5472
0,0,107,4561.230150030064,26357.44413199227,5254
0,0,108,4177.545410709701,23365.4318991095,5078
0,0,109,4200.948290554802,21809.40421310009,4914
0,0,110,4369.749965473657,24308.57544173793,4867
0,0,111,4035.204470965626,23170.99424805103,4724
0,0,112,3884.507941492036,21793.63410975288,4537
0,0,113,3777.280303691119,21496.50480061292,4382
0,0,114,3490.72772943608,19088.72176382384,4256
0,0,115,3481.905128701338,22005.63449033582,4053
0,0,116,3286.046214808315,18009.00200862834,4022
0,0,117,3339.62238676623,21798.3361930633,3920
0,0,118,3243.895021951271,19377.20669796994,3763
0,0,119,3105.272890590157,17791.14799043082,3727
0,0,120,2970.002696693638,15972.79503213051,3682
0,0,121,3100.780824091982,19142.33385544428,3565
0,0,122,3053.344580736675,18878.73791460178,3406
0,0,123,2963.081446632871,16969.84158033691,3397
0,0,124,2862.451562545045,15840.46434116032,3303
0,0,125,2628.461395643484,15155.243158252,3200
0,0,126,2464.319145434821,15220.78640285845,3104
0,0,127,2617.578959858623,15953.19334464453,3092
0,0,128,2792.88790808212,18610.22745769707,3003
0,0,129,2662.948705570888,15906.16099101633,2975
0,0,130,2460.236997038923,14313.79496232157,2921
0,0,131,2454.283552760325,15047.86067531669,2761
0,0,132,2230.034869276128,11584.87107455863,2760
0,0,133,2082.987804505125,11603.77565826843,2591
0,0,134,2061.628863548118,10425.7212468818,2558
0,0,135,2149.968881932914,13188.79572374815,2497
0,0,136,1915.193934079848,11049.5877845387,2370
0,0,137,2266.3779354942,16377.68448923535,2462
0,0,138,1994.5217278761,10689.88432444316,2416
0,0,139,2214.087095506579,16348.74734732278,2303
0,0,140,1870.938781801475,10079.12431059508,2307
0,0,141,1872.556759127944,10833.45872865621,2241
0,0,142,1775.116262376673,10348.29781050721,2208
0,0,143,1837.432643553833,10582.12823793561,2168
0,0,144,1747.619538594307,10557.44519361861,2067
0,0,145,1729.948762133862,10713.0738579278,2027
0,0,146,1702.379677870519,11279.9287340739,2032
0,0,147,1731.896082856191,10585.01587279754,1953
0,0,148,1513.403047110867,8218.87250844072,1915
0,0,149,1519.281505857573,9011.351418006381,1889
0,0,150,1603.39118374492,10094.63135441657,1820
0,0,151,1525.169361443776,8953.143726122362,1776
0,0,152,1637.41972637029,9999.868614309727,1767
0,0,153,1543.30139037602,9380.19247314832,1734
0,0,154,1339.719773204839,7483.926983284084,1703
0,0,155,1576.974932956327,11053.61815154885,1685
0,0,156,1437.414175563119,9106.006798730679,1639
0,0,157,1321.889079295532,7410.165205287801,1571
0,0,158,1206.626314317023,6089.40147717559,1637
0,0,159,1234.258320436221,7681.176057042793,1563
0,0,160,1190.148032588648,6590.626427191864,1542
0,0,161,1219.60704276207,6665.726251217765,1546
0,0,162,1116.001144267847,5991.245542040629,1496
0,0,163,1292.392473152617,8774.875069669915,1462
0,0,164,1238.016009684738,8591.669533655724,1489
0,0,165,1175.0246748005,7185.185526858473,1441
0,0,166,1156.598514466495,6658.154114626764,1467
0,0,167,1097.913909635696,6163.538435426974,1390
0,0,168,1014.189891748322,5279.221954597233,1322
0,0,169,959.7307689995292,5989.904373951385,1307
0,0,170,1009.724639562107,5996.907520945869,1297
0,0,171,991.949807903929,4908.407207978631,1302
0,0,172,1135.761278304357,8712.445731050911,1281
0,0,173,1078.334359589054,6890.373138545482,1288
0,0,174,972.8896584137415,5317.287438820944,1267
0,0,175,1037.725938985501,6288.754506104353,1207
0,0,176,939.158258264786,6032.472539043989,1200
0,0,177,974.8110870777457,5456.06353022346,1222
0,0,178,1034.198290708289,7413.880192152051,1191
0,0,179,1039.465575252662,6973.244150122726,1199
0,0,180,1054.033354349742,5875.516584353344,1198
0,0,181,1041.745683946025,6178.170923703176,1138
0,0,182,921.6071190559146,4250.18078103729,1144
0,0,183,921.8969262298167,5125.631920741059,1095
0,0,184,1013.652144222867,7151.676715981079,1120
0,0,185,921.4649034346334,5207.53257859093,1108
0,0,186,988.7608834726637,4927.486160535228,1108
0,0,187,1050.032735309338,6783.626667186052,1114
0,0,188,826.0441068500337,4682.81234487453,1030
0,0,189,923.4275096653029,5631.624508654857,1010
0,0,190,890.5861495642799,6181.738128844168,1040
0,0,191,908.9714519049454,5808.189258062539,983
0,0,192,827.6545868502068,4232.373158452431,991
0,0,193,874.9788607317629,6006.119344325827,1002
0,0,194,712.5558811305491,4057.373377194599,957
0,0,195,696.3737271152012,3668.999778134742,916
0,0,196,841.3457261897453,5488.508621392137,891
0,0,197,644.2288831087129,4825.124138954316,851
0,0,198,772.481667728436,6516.820868912468,854
0,0,199,726.2752565204354,4660.650781546542,863
0,0,200,579.8219158123969,2848.101035030562,821
0,0,201,632.6073017689768,3512.344467495986,831
0,0,202,702.4843461895213,4568.443715973277,836
0,0,203,661.9407712741432,3861.805022665966,809
0,0,204,743.9933336178435,4425.896555896638,841
0,0,205,804.8256260349671,6359.006275976542,819
0,0,206,647.115509281665,3416.133247720359,766
0,0,207,585.3652001062337,2770.02696621296,798
0,0,208,536.2037902778505,2449.289034426594,718
0,0,209,540.4624451087092,2935.734980599309,751
0,0,210,587.469211497948,3250.052764592011,751
0,0,211,603.7974738600414,3570.993440259185,760
0,0,212,588.0635701245956,4068.530990221626,756
0,0,213,542.514221600063,3631.658498245691,691
0,0,214,511.9794315304568,3317.293911950734,672
0,0,215,556.5810242715063,3235.401744974127,664
0,0,216,559.3024352470567,3686.756449283688,646
0,0,217,441.7151086517017,1935.646706879136,637
0,0,218,529.3410173400114,2894.912709870769,659
0,0,219,526.5303181692703,3064.839401877063,677
0,0,220,447.0776679425772,2303.721983283298,601
0,0,221,449.210176647696,2173.90025915385,612
0,0,222,608.3966462744027,4986.17417805492,623
0,0,223,405.450865715294,1976.677561644581,638
0,0,224,434.7591959578547,1926.877833250336,632
0,0,225,460.6143844527966,2790.073524627333,614
0,0,226,488.0221917938343,2945.839596309735,612
0,0,227,484.3388819252358,3360.286598760364,611
0,0,228,512.4118852520623,3275.687242597298,570
0,0,229,426.898894475329,3452.926709259722,563
0,0,230,441.4295112597671,2150.853813542159,567
0,0,231,435.2919109272837,2781.365737052993,511
0,0,232,443.0131108652738,4312.222265428279,524
0,0,233,357.3352290207876,1956.435549178462,542
0,0,234,371.6878612072683,2077.335827999798,555
0,0,235,409.6517562227963,2804.218977936389,553
0,0,236,386.389420611718,2028.492652462355,539
0,0,237,571.8875619855282,5181.935721225407,591
0,0,238,389.5487691814361,1659.613582110141,560
0,0,239,407.5156968999358,2450.48088139347,491
0,0,240,361.3801702681235,1864.203669404145,499
0,0,241,376.7566456009432,1941.764362184736,485
0,0,242,348.5600035756666,1596.033129799272,510
0,0,243,350.9167150415493,1963.748848249647,522
0,0,244,402.9509357264367,2606.301093656931,494
0,0,245,408.6119059008288,2425.723780303789,500
0,0,246,479.3043620464696,3449.146923778686,517
0,0,247,369.743373912579,1712.980086888463,476
0,0,248,480.8289145495295,3367.377897420453,467
0,0,249,454.7312672075274,2783.767894733514,494
0,0,250,476.3495284358631,2798.010296519734,500
0,0,251,381.223324212895,1941.617688486917,459
0,0,252,414.2006572157213,2338.632808097116,477
0,0,253,378.7497961927957,2108.346134948602,441
0,0,254,372.9289510042114,2041.571434759317,441
0,0,255,412.9605081427501,2506.853990981535,442
0,0,256,367.2915386082949,2455.19754371079,421
0,0,257,405.4444816388361,2813.57522908084,447
0,0,258,354.3565486869722,3262.241099542054,439
0,0,259,296.6012573754783,1483.586795219001,425
0,0,260,284.7247543164606,1318.821097031299,412
0,0,261,320.3956976695034,1564.834923833694,443
0,0,262,242.4509021857154,946.5864277201553,403
0,0,263,218.7588843849909,891.040050348548,384
0,0,264,200.751502740082,821.9759937649518,362
0,0,265,176.0763409983425,554.7240921389133,378
0,0,266,267.8880829937773,1499.849369031421,384
0,0,267,311.1155970535545,3000.533951846616,366
0,0,268,242.1259618613298,1529.8271724247,356
0,0,269,277.2058800071887,1944.871232077094,364
0,0,270,319.374581148255,2065.187353880855,333
0,0,271,209.984998521571,1096.661733678024,338
0,0,272,236.5581502779297,1212.822252415846,338
0,0,273,287.684191662061,1905.399504591372,321
0,0,274,289.5844618669519,2396.446938926889,340
0,0,275,282.6536992270881,2152.043197787893,365
0,0,276,229.0907339645982,1223.006374929839,343
0,0,277,273.2224487621631,1424.736424610972,338
0,0,278,215.0698564063748,971.2229240257135,331
0,0,279,287.5255982957407,1904.722306624881,357
0,0,280,287.4922557465463,1600.159260764509,347
0,0,281,326.2437582200557,2072.526492029783,365
0,0,282,318.9038347190677,1711.430054192902,357
0,0,283,284.8102580897869,2065.217201821844,344
0,0,284,250.2728644525888,1705.771442193373,357
0,0,285,270.7245804203752,1752.12626000738,356
0,0,286,240.2593194590902,1433.855700846162,317
0,0,287,216.9792165617171,1460.852191523489,295
0,0,288,220.0325145416592,995.0181769353138,315
0,0,289,288.6444490817041,2121.440680546541,314
0,0,290,303.0275685254475,2907.364217365295,296
0,0,291,197.1913993258952,1148.320619452676,299
0,0,292,188.4630152553202,831.6902232095383,275
0,0,293,217.5244721402645,1506.735808210913,272
0,0,294,174.9861777800331,696.2876580097646,261
0,0,295,191.429367790966,1684.227200542811,277
0,0,296,196.4000048624691,1228.043643008724,294
0,0,297,233.9919165413191,1364.827708637822,304
0,0,298,239.438350962557,1439.957107184169,313
0,0,299,212.6609585217399,1114.979292451558,303
0,0,300,199.0755490075059,831.6313405498355,268
0,0,301,223.4067545854982,1511.440305710156,272
0,0,302,192.2116706607331,1254.797972844862,279
0,0,303,182.945890382558,1414.770892280141,285
0,0,304,199.8320477613006,1275.607616101363,263
0,0,305,183.5330451935595,887.9736105724558,265
0,0,306,181.6069947104606,820.7101714596943,278
0,0,307,212.4397634076783,1696.469937414284,246
0,0,308,209.6840640397269,1583.774711064111,256
0,0,309,172.3442032714816,929.2587095016503,264
0,0,310,182.9935606193703,1479.083168580301,234
0,0,311,158.9457142519372,1045.025433297582,247
0,0,312,175.0180208162733,908.1296076812504,248
0,0,313,232.1070129095082,2109.405040983168,231
0,0,314,188.8693751019199,1002.077986889983,252
0,0,315,138.2562624224599,629.1891704140388,232
0,0,316,205.3834165974887,1440.72489480021,234
0,0,317,158.1090458157865,797.1409835464116,234
0,0,318,139.9727623385533,954.3124376993244,246
0,0,319,165.9353447590447,1601.842947002644,207
0,0,320,191.5537005162025,1236.946468428362,231
0,0,321,185.7962171657456,1401.157742253618,215
0,0,322,207.7041806580139,1702.444143954002,222
0,0,323,224.1248366474747,1507.548287051915,218
0,0,324,199.707063227693,1223.588000682734,203
0,0,325,200.0134608235543,2112.19148625954,215
0,0,326,182.419140319269,1355.939837774554,219
0,0,327,185.3405850088362,1049.790599820628,215
0,0,328,144.843779344094,773.545592086484,185
0,0,329,190.7235321176717,1127.230362235302,208
0,0,330,153.7171983628263,798.1997387622639,202
0,0,331,113.8080053527408,515.3960563106299,205
0,0,332,106.2037001788001,423.7737929522706,197
0,0,333,119.6107521547468,560.9933617522223,179
0,0,334,126.6979583590522,780.5731625827755,187
0,0,335,129.3903227970021,617.3207974256694,183
0,0,336,167.2722065233944,1602.830843015575,206
0,0,337,103.8424815093915,345.3613049758536,187
0,0,338,147.23212221244,758.363700522469,189
0,0,339,146.8666250298713,844.5531596659449,189
0,0,340,207.1714027116992,1630.20971109435,192
0,0,341,172.4267050009144,1138.890182438454,180
0,0,342,140.194366947108,598.6800002443686,188
0,0,343,164.96944215704,1385.257478199327,183
0,0,344,98.46799263523823,346.9314237365536,172
0,0,345,130.8482729111505,864.2412172579232,178
0,0,346,124.9073182766583,727.9540690306625,149
0,0,347,101.1248559963281,398.8771553243148,169
0,0,348,118.280439809722,615.1087147975303,165
0,0,349,141.3353971648241,791.8287840685225,161
0,0,350,105.184874263947,455.9015192880961,163
0,0,351,128.8553999209055,791.8489143869515,154
0,0,352,104.5964745310255,620.7806773520056,161
0,0,353,91.16996652411039,529.325294314085,170
0,0,354,91.23209707936736,458.5276223359578,141
0,0,355,110.5378394115184,706.8008106283293,164
0,0,356,101.743145105458,468.7071964623394,157
0,0,357,120.1156138236476,653.3129982004476,154
0,0,358,139.2936862471074,906.9028440758526,151
0,0,359,83.79231978583397,511.1431657598827,153
0,0,360,147.9366303932371,918.8682791649222,159
0,0,361,68.18421948586425,229.8026592718012,148
0,0,362,80.83569072165636,267.7202900224287,153
0,0,363,119.3007882097278,736.1169140756161,149
0,0,364,149.0685080666564,1730.699688114753,156
0,0,365,96.25006536401506,366.1368590601566,146
0,0,366,108.726841832399,427.1282261142433,160
0,0,367,114.3570703950321,1041.532081371182,145
0,0,368,87.28728722665412,631.9830531649349,124
0,0,369,91.98231586121611,477.6500050587725,147
0,0,370,100.933784862334,434.0944074493279,136
0,0,371,140.8826976167145,1235.503510470226,151
0,0,372,105.9972016794874,652.8830446509297,146
0,0,373,80.08287163235445,315.0757876703464,135
0,0,374,58.16828978386251,180.1629514567294,135
0,0,375,83.48559327460107,338.0890372675657,138
0,0,376,79.02436764525265,253.9371296563203,132
0,0,377,119.0360409874806,564.9659197205505,142
0,0,378,117.1036182707928,1038.345509096906,155
0,0,379,108.2385270680194,449.8785119214396,150
0,0,380,97.2198186293934,407.2265227329576,128
0,0,381,115.7150729829389,399.7747725167534,167
0,0,382,142.5137735565876,731.4091362535527,149
0,0,383,132.5473558012048,736.6838574457852,143
0,0,384,121.4616473157651,675.0001857478679,130
0,0,385,106.0811668470117,377.554427047799,142
0,0,386,143.6311751720735,744.6313745478357,157
0,0,387,139.6729685157867,1021.661576463534,129
0,0,388,106.0713405220545,628.5334912578577,124
0,0,389,111.6371382301069,469.7945511442662,129
0,0,390,144.0599409269108,837.9894277834778,133
0,0,391,102.8022217117509,569.7580948928941,124
0,0,392,82.06129293035647,352.3240981340622,104
0,0,393,67.36761604587117,371.9846553127346,99
0,0,394,55.53228732966005,217.5339854945028,108
0,0,395,85.82176808985309,505.5791859707215,103
0,0,396,110.751602543803,582.501658763691,119
0,0,397,101.9826854223733,779.8509542823607,103
0,0,398,88.67373312618567,577.6372149937163,102
0,0,399,68.45494906738207,519.4916817699326,99
0,0,400,91.15360156377059,532.7815233642169,103
0,0,401,93.40044682605908,1026.64426170938,96
0,0,402,74.55598211746711,547.1537348063086,102
0,0,403,51.39299253184324,216.9649534924363,85
0,0,404,44.58887827355058,354.9036404232782,91
0,0,405,27.32123311836627,68.17342784366801,88
0,0,406,79.05927583399759,398.9431729974499,102
0,0,407,50.76804814607486,150.3013584360657,114
0,0,408,58.5850816204213,170.5598895953241,118
0,0,409,83.80324027302312,584.7843593563904,114
0,0,410,85.51589450376949,796.4691894267738,95
0,0,411,70.90989839435916,577.3439403240405,100
0,0,412,52.09894572347284,189.3911110890414,87
0,0,413,86.87456959531744,633.3388212434477,96
0,0,414,84.33868590768657,525.6995313202938,104
0,0,415,52.01603371314006,223.0014965403375,100
0,0,416,50.20991378399126,226.4394032654043,90
0,0,417,66.35009843619156,372.2938000739267,86
0,0,418,76.80070744909722,535.9187901808253,78
0,0,419,32.24397868716792,84.47129928878262,72
0,0,420,33.68954581174177,114.0320434786158,76
0,0,421,53.60512194398787,249.5475839434098,83
0,0,422,72.49813704524385,456.5923816432611,78
0,0,423,75.45000073535341,424.3281285486248,74
0,0,424,72.69491874843365,494.9772813528232,84
0,0,425,57.67921028091875,420.663193519503,81
0,0,426,86.07882033213187,808.8737974067479,88
0,0,427,62.16734123752339,398.8591245242698,72
0,0,428,84.64887060874072,576.7333718837785,88
0,0,429,35.15537751036876,98.49023677409339,71
0,0,430,72.59941873423926,524.6554641846176,75
0,0,431,51.19757345205529,174.7063369638397,91
0,0,432,98.05599922228654,1420.025255818697,82
0,0,433,47.79865246452593,161.8742004224434,72
0,0,434,92.34786162220993,1041.384735921017,62
0,0,435,52.13877008999845,217.9617790894714,77
0,0,436,43.49801649061137,181.044583991418,66
0,0,437,73.69339922851029,502.1349249864177,71
0,0,438,30.34269187042299,90.79396046181006,66
0,0,439,52.10004823469265,300.8049978174202,73
0,0,440,83.59953343176649,1067.672666733522,60
0,0,441,61.1421314419128,437.7335973841697,73
0,0,442,47.43855183222152,233.2554311385545,72
0,0,443,54.29292437007019,271.7723658324672,75
0,0,444,53.71441643384679,263.7404432370834,67
0,0,445,55.01889151478398,580.5683008959859,67
0,0,446,58.16310853426505,398.6308902266505,58
0,0,447,38.94432079620867,196.2814304745832,66
0,0,448,44.13987347818333,193.0571055304387,66
0,0,449,56.30646653955471,286.6323879444001,74
0,0,450,75.1446409776555,453.3328075906154,83
0,0,451,63.21695822026975,296.822131716694,83
0,0,452,28.53312223055013,59.91632517805196,69
0,0,453,48.77304338928096,217.600276524041,67
0,0,454,33.40997883160988,80.32830181145887,65
0,0,455,38.7851041890772,180.2012665052778,53
0,0,456,42.97111924023869,140.3301184541409,71
0,0,457,39.0217080446976,104.3147981428007,74
0,0,458,69.48583594104647,640.1437887065604,62
0,0,459,65.1907972206991,619.6604111036446,59
0,0,460,50.56985067881926,205.1227144040776,62
0,0,461,74.61169940693247,501.9125977042168,63
0,0,462,60.07552463366336,206.5051888717174,74
0,0,463,49.78549165225769,234.6098505124164,64
0,0,464,45.99042571749312,184.8135670157846,65
0,0,465,43.81171518553825,200.3546770336066,57
0,0,466,60.44365057883687,439.6570915222199,61
0,0,467,64.01098328020052,599.1644839654267,53
0,0,468,50.31857156658503,262.6194632319587,50
0,0,469,45.25098400991857,252.5382002569445,42
0,0,470,56.26175547443562,335.8021376251601,53
0,0,471,35.09476299378273,138.7292836949223,43
0,0,472,41.75436830602284,220.666882965125,44
0,0,473,29.9216543609847,176.7442465662361,58
0,0,474,54.85198056623502,346.4054119146325,53
0,0,475,48.57417750071468,250.1796214139867,55
0,0,476,33.71424811824531,92.72007979886426,63
0,0,477,52.70341744854312,288.7849586643406,57
0,0,478,35.67580339243892,132.7728080890861,53
0,0,479,26.68643881215814,67.2369845923095,40
0,0,480,48.27054181220562,251.6307970185473,54
0,0,481,57.40611108987342,293.7642100856757,61
0,0,482,59.07843916141203,390.2667280200097,61
0,0,483,37.07123637853471,127.8969847064602,51
0,0,484,34.10152937338684,164.1846347116573,49
0,0,485,44.0076513110675,192.0767306331272,58
0,0,486,34.69789856610964,131.1136040410944,48
0,0,487,39.82460055443905,160.7038849965036,57
0,0,488,27.40608800392694,82.15994932013885,41
0,0,489,54.17485658343812,349.3286478831579,51
0,0,490,34.50852594918753,134.3319822455568,37
0,0,491,30.0885703817384,125.700254536567,42
0,0,492,39.29017458024975,184.346694203722,51
0,0,493,46.74296466320685,288.5290886696341,43
0,0,494,19.65077712372981,27.93402838179762,45
0,0,495,29.03363718681384,124.0691954947941,38
0,0,496,27.91237164131787,116.5787994045714,34
0,0,497,33.44605515708717,114.1322420438016,29
0,0,498,43.27327338330866,228.9007453209963,30
0,0,499,39.64924436032224,226.6769667370583,31
