# mesh name: boxMesh_1
# primitive scorer name: doseScorer
# iX, iY, iZ, total(value) [MeV], total(val^2), entry
0,0,0,7045666.810519793,8517675.943740122,10000000
0,0,1,7118249.19247714,9164910.33101292,9998214
0,0,2,7172223.668101041,9474468.590274429,9994316
0,0,3,7214687.802543993,9563788.530806232,9989362
0,0,4,7261103.299126892,9858390.321135901,9983558
0,0,5,7303196.287815714,10039256.22991756,9977111
0,0,6,7341898.002611633,10116565.43327592,9969821
0,0,7,7377423.171924002,10152877.75060574,9961903
0,0,8,7414521.712731823,10345884.6598504,9953275
0,0,9,7448455.342753646,10360427.48308799,9944202
0,0,10,7479721.599103123,10338142.35746016,9934578
0,0,11,7512915.39321959,10418508.70716116,9924551
0,0,12,7546254.816149981,10591018.30754846,9913996
0,0,13,7580265.36208032,10571829.66414784,9903210
0,0,14,7614138.200814125,10642704.70658782,9891844
0,0,15,7649070.744393243,10860158.96290324,9879859
0,0,16,7680116.133099278,10874292.07596745,9867582
0,0,17,7708032.938383405,10811482.34445483,9855076
0,0,18,7744752.934675558,11035507.00146787,9842123
0,0,19,7775375.072682177,11042651.29845091,9828693
0,0,20,7805968.117754885,11038936.53379724,9814807
0,0,21,7841557.918764951,11135683.52185386,9800770
0,0,22,7866251.215759624,10993570.77195907,9786238
0,0,23,7904304.49208191,11230463.20240172,9771668
0,0,24,7933612.150047275,11229111.10053353,9756642
0,0,25,7967256.74694543,11259428.99326594,9741194
0,0,26,8004450.309804748,11443871.5599074,9725398
0,0,27,8036054.968795745,11463526.94561875,9709315
0,0,28,8068739.383935449,11462834.64245645,9692898
0,0,29,8107216.470355762,11660301.66137233,9676385
0,0,30,8141053.814770048,11662879.42994516,9659362
0,0,31,8175108.026522815,11749224.56752698,9642179
0,0,32,8208385.620227759,11713075.09035425,9624602
0,0,33,8248122.196302377,11903837.79419747,9606767
0,0,34,8284239.037514434,11961146.34778711,9588443
0,0,35,8318290.293832831,11970324.52729577,9569904
0,0,36,8356188.231840887,12033707.29928879,9551488
0,0,37,8392931.712753065,12084425.10551719,9532715
0,0,38,8432429.674030455,12223172.83007283,9513222
0,0,39,8473553.892341221,12358032.28562382,9493712
0,0,40,8514530.704975657,12447376.50781476,9473588
0,0,41,8551812.047075188,12400507.74471828,9453402
0,0,42,8591597.665383976,12527459.93544625,9433214
0,0,43,8626393.17305148,12688280.78597205,9412784
0,0,44,8627490.954452211,12651366.83841751,9392073
0,0,45,8608346.062359232,12522940.26238137,9370962
0,0,46,8628104.95738953,12623276.56040365,9349501
0,0,47,8676466.570978722,12616446.34856836,9327675
0,0,48,8738005.121423341,12758229.01619722,9306155
0,0,49,8804554.92979157,13004492.825122,9284110
0,0,50,8867753.069669288,13085960.49046657,9261538
0,0,51,8938237.559781188,13167856.42554864,9238822
0,0,52,9010353.887005804,13314577.46373577,9215872
0,0,53,9088178.583677944,13548653.28829205,9192912
0,0,54,9167515.078763017,13729841.37329384,9169350
0,0,55,9248131.061449142,13893342.08106117,9145939
0,0,56,9323808.503790829,13966907.2969374,9121794
0,0,57,9407124.099511884,14297972.46833815,9097688
0,0,58,9480011.195181033,14390012.28952059,9073263
0,0,59,9554032.518588476,14588283.00573025,9048304
0,0,60,9621361.921238298,14698982.48553742,9022974
0,0,61,9686015.529836364,14874858.96827048,8997903
0,0,62,9746095.303066485,15019144.86533732,8972382
0,0,63,9805649.717779085,15165816.6719683,8946215
0,0,64,9868650.979536958,15311804.36553483,8920039
0,0,65,9937485.846390095,15565299.61528544,8893167
0,0,66,10010790.46868185,15774159.1989201,8866264
0,0,67,10092186.19767874,15938200.30293722,8838964
0,0,68,10183952.3190346,16232908.86143637,8811222
0,0,69,10286978.75538898,16468100.60720029,8783123
0,0,70,10405582.84553773,16871887.39867508,8754568
0,0,71,10534207.88977019,17214342.75657419,8726248
0,0,72,10671887.03658427,17462225.24936458,8696989
0,0,73,10825755.92292723,18001071.26289462,8667654
0,0,74,10991560.73971611,18566524.43676715,8637268
0,0,75,11156477.84614585,18955311.74932337,8606632
0,0,76,11329252.7156539,19373275.33148867,8575570
0,0,77,11510824.82950926,20028334.30263948,8543837
0,0,78,11686891.68271352,20540042.43498652,8511931
0,0,79,11866737.20471696,21139991.0431719,8479515
0,0,80,12052339.81006912,21750417.7382091,8446488
0,0,81,12254016.10391812,22417203.87028112,8412791
0,0,82,12480831.89046298,23177925.66661631,8378754
0,0,83,12748714.37322935,24279870.37724928,8343755
0,0,84,13055903.17088779,25474282.2642802,8308043
0,0,85,13403990.33747425,26836017.69154441,8271676
0,0,86,13777364.47260436,28128063.37462418,8234075
0,0,87,14177720.84780827,29500895.75313614,8195003
0,0,88,14609477.29079824,31067752.16674561,8154201
0,0,89,15089719.77219249,32905660.58530495,8112672
0,0,90,15647354.72292423,35072490.72432498,8069308
0,0,91,16321965.58738634,37878131.4891561,8024387
0,0,92,17147561.63584672,41597283.40150777,7977828
0,0,93,18145445.73475947,46513309.00597378,7927772
0,0,94,19384778.95646734,53187300.19142686,7872374
0,0,95,20982336.06235236,62507013.69973709,7808173
0,0,96,23168336.75624409,76834671.20178135,7728422
0,0,97,26401769.93456146,101850208.0747558,7615971
0,0,98,31166134.5383596,147774767.8576511,7405118
0,0,99,34932175.07710893,200615035.9635366,6809504
0,0,100,29854547.7556627,190190594.7582896,5219281
0,0,101,15336630.34416912,99196911.04156129,2712362
0,0,102,3967323.942591405,24484704.52157321,774850
0,0,103,453414.1889957401,2561043.964845497,106199
0,0,104,25405.75314200194,133849.719469416,11557
0,0,105,5272.668537626963,28443.18576655022,6251
0,0,106,4882.160113069904,26814.48782112314,6095
0,0,107,4940.748325849515,27256.47473437497,5906
0,0,108,5104.505601455723,32156.61205651082,5703
0,0,109,4867.149600244468,31000.20976647834,5497
0,0,110,4595.440834895897,27633.98105252561,5315
0,0,111,4313.084229883122,26310.65039896986,5091
0,0,112,3953.943629205517,20907.49788697487,4971
0,0,113,4024.997812886924,22631.22839548901,4810
0,0,114,4079.677505699167,24738.94997328708,4618
0,0,115,3909.071659664576,22855.32635327811,4541
0,0,116,3484.057724206984,19443.46562778525,4395
0,0,117,3341.134122397761,17517.44441256232,4257
0,0,118,3551.952132501332,22839.76150409315,4149
0,0,119,3391.409390810717,20560.35540237833,4125
0,0,120,3767.99442319513,26809.24293960893,3982
0,0,121,3417.888826945886,19407.8837765137,3961
0,0,122,3205.639470036678,17232.33053813391,3801
0,0,123,3021.614048726289,16816.06242133932,3641
0,0,124,2948.489059616133,15926.02660121263,3666
0,0,125,2912.138665277078,17769.38612101299,3548
0,0,126,2778.514387241925,15478.94086082166,3423
0,0,127,2930.715581643918,16842.33427386275,3356
0,0,128,2820.040303141765,16302.3218053286,3265
0,0,129,2686.253893424902,16357.84944325805,3138
0,0,130,2325.446095632671,12729.31860822844,3020
0,0,131,2379.310807983102,13824.43257839204,2951
0,0,132,2483.606840413519,14062.05435597296,2884
0,0,133,2429.587601534007,14762.16471541752,2898
0,0,134,2344.70535222097,14857.52090799203,2767
0,0,135,2096.451671003465,11316.56004274459,2769
0,0,136,2322.410983853753,13800.06061075956,2682
0,0,137,2256.712901126157,14068.86803293425,2612
0,0,138,2184.075950917641,15449.08125022938,2570
0,0,139,2070.483032904172,13093.99278040784,2511
0,0,140,2005.645546731481,12683.97681337391,2418
0,0,141,2003.34223151805,11075.31340437252,2390
0,0,142,1951.731119988178,12160.27892282338,2287
0,0,143,1728.504336556775,9809.343602905437,2240
0,0,144,1889.881698248025,11007.30492298929,2281
0,0,145,2031.160809405431,13403.99040388991,2158
0,0,146,1857.678322060392,10721.34735568572,2166
0,0,147,1767.300095572303,9299.406219721017,2145
0,0,148,1636.090864270507,8734.099603481629,2060
0,0,149,1618.033008935854,8465.736896906927,2000
0,0,150,1544.9413054062,7886.909107903723,1938
0,0,151,1816.903344489805,12122.32438086257,2007
0,0,152,1594.910931577893,9206.76188395548,1926
0,0,153,1627.759794206962,11791.5940351978,1916
0,0,154,1548.90304989401,9284.342995651412,1870
0,0,155,1726.51780668489,11588.22400315273,1844
0,0,156,1451.93539499571,8298.201947171383,1782
0,0,157,1410.693137357258,8134.478640618795,1696
0,0,158,1454.623985821874,8011.327652715037,1716
0,0,159,1304.936169160764,7009.483458576179,1646
0,0,160,1275.582015128937,7254.816692239919,1581
0,0,161,1221.913757411422,6440.997579915742,1575
0,0,162,1271.513982621462,6993.120070676357,1590
0,0,163,1496.190164911678,10957.45716534433,1596
0,0,164,1316.661374622066,6736.015143337365,1599
0,0,165,1373.350314422039,7927.582731795859,1552
0,0,166,1328.886225112807,7689.26873097433,1523
0,0,167,1363.589474515081,10174.8733624224,1499
0,0,168,1186.512469480038,6205.030351992583,1418
0,0,169,1309.081903848527,8271.777147865585,1398
0,0,170,1276.44740844814,8609.997508111099,1443
0,0,171,1038.803259243432,5056.135509431823,1374
0,0,172,1229.126773654501,7270.808858573705,1328
0,0,173,1118.145931198542,6474.478040330715,1287
0,0,174,1171.45183083404,8153.485857905484,1305
0,0,175,1054.664483354407,6372.492211781358,1283
0,0,176,1119.263727786047,8058.34995650352,1298
0,0,177,1047.793418689416,6259.136079360634,1256
0,0,178,1072.527221835763,6857.772342900319,1218
0,0,179,884.3291351659935,4217.181433518364,1256
0,0,180,1014.233763710931,6076.541018366772,1226
0,0,181,978.6937925816194,5971.169217830015,1149
0,0,182,974.2788474967307,6310.639155508887,1174
0,0,183,913.8218908752425,4905.216083200467,1131
0,0,184,932.8308119852331,5658.32336101021,1071
0,0,185,875.0671223810449,4568.024503054142,1088
0,0,186,862.6920942804979,4804.842528434983,1049
0,0,187,1039.579200778839,6942.670255811546,1104
0,0,188,919.9626375359866,5811.20962335168,1089
0,0,189,908.4216882828579,5422.218777066406,1057
0,0,190,868.880159565723,4284.792197104704,1072
0,0,191,934.4937244921924,5461.700134381588,988
0,0,192,915.0570696683286,5338.558946449974,1000
0,0,193,970.3009711395442,6584.017609474196,1003
0,0,194,902.9699984601372,5889.344491836507,974
0,0,195,809.3703469960941,5838.359080337671,934
0,0,196,710.4649406114016,3683.982913268474,889
0,0,197,719.3799203037087,3944.857612582664,880
0,0,198,730.8084165964258,3787.552823670434,932
0,0,199,769.3717888437759,4460.028878007682,923
0,0,200,735.0848830592267,4309.673258693184,887
0,0,201,689.3073432119762,3821.129765085249,880
0,0,202,670.7456722353936,3589.59980788951,897
0,0,203,785.8089878193865,4846.012922803225,905
0,0,204,683.2802775482661,3672.104070841327,849
0,0,205,753.5585037887113,4276.765792967445,871
0,0,206,769.4584784925482,5334.001769706436,842
0,0,207,683.0752808828189,3698.745869622117,820
0,0,208,791.9580843035964,4919.123486189341,835
0,0,209,695.9552230078242,4641.974874848044,784
0,0,210,601.3444702324779,4111.067129320088,746
0,0,211,617.1014215716772,3446.290243606209,750
0,0,212,603.545012396948,2752.168250202514,751
0,0,213,570.0762509036716,2879.628129341488,704
0,0,214,610.7364494162485,3261.632571320606,726
0,0,215,716.1577959922982,5917.018256868949,720
0,0,216,587.9719251112024,3550.468665587689,746
0,0,217,572.3106437415264,3264.725705017754,701
0,0,218,728.4492924643542,4861.927223382323,729
0,0,219,537.7074488490171,2439.134320282778,716
0,0,220,676.6342599242181,6217.086316285133,695
0,0,221,557.907210190048,2972.546467540543,643
0,0,222,578.7516630103615,5057.166181151379,626
0,0,223,567.154352433784,3325.949594168091,656
0,0,224,434.3184107246096,2014.790415287843,640
0,0,225,483.4445209643749,2392.391061170844,649
0,0,226,480.8620832965445,2319.797223573451,622
0,0,227,453.7323897637999,1950.474318771144,658
0,0,228,504.3208620200862,2956.924953148769,643
0,0,229,475.917596069093,3061.942061850956,614
0,0,230,504.4637258363896,2983.826052668652,601
0,0,231,541.1552241353922,3578.109834008577,601
0,0,232,499.1818683572046,2358.277294049218,584
0,0,233,491.2175220745493,2575.194092069604,572
0,0,234,429.8568284290649,2349.578196585178,556
0,0,235,430.810356920747,2682.235330264793,555
0,0,236,404.2011378529433,1973.354937926564,551
0,0,237,318.264247896615,1306.739177153717,512
0,0,238,372.2256850295566,2709.591248843872,547
0,0,239,450.5712522848265,3035.74022022064,555
0,0,240,406.534695087166,2074.680235328591,580
0,0,241,461.978929134911,2326.372739107615,571
0,0,242,551.9308926827437,4828.878564760605,588
0,0,243,462.3348081506568,2615.283674069432,543
0,0,244,504.9434494865191,4275.859183879204,531
0,0,245,398.7961558307627,2688.809764825005,487
0,0,246,369.090362681642,2201.65017797,512
0,0,247,399.8389870919954,2279.98508198479,477
0,0,248,395.8092417210319,2080.290857914875,490
0,0,249,353.4417127201164,2222.649403970478,474
0,0,250,321.1728792166121,1555.422287416311,465
0,0,251,428.0936185315617,2783.423150452268,440
0,0,252,376.941714884949,1966.262463419682,464
0,0,253,302.846965773109,1423.088707737316,448
0,0,254,364.1306644520475,2800.239832296235,433
0,0,255,317.3167880981895,1909.649649976384,409
0,0,256,365.2727501955659,2373.313714045868,430
0,0,257,416.2050033032743,3133.572071486046,457
0,0,258,418.6391303960664,2786.804800504792,417
0,0,259,364.3752256692027,2511.296519062394,410
0,0,260,287.1645585289307,1263.538283642496,416
0,0,261,389.1134194538133,2376.714980056523,420
0,0,262,359.4488065557532,2861.923828841283,396
0,0,263,321.7146627884094,1483.889655621701,421
0,0,264,305.1595313055621,1804.110721028437,426
0,0,265,286.7411497740973,1161.364056521644,422
0,0,266,359.0396592801833,2342.178098638137,411
0,0,267,343.0699077165146,1810.746651732613,414
0,0,268,380.8806524355424,2952.347188914227,401
0,0,269,310.5461157497479,1664.454230289357,387
0,0,270,229.1515760649113,831.2142393691054,377
0,0,271,285.5927656037033,1526.14059915838,407
0,0,272,291.3651082023341,1648.20188187398,419
0,0,273,290.5292356709197,2242.664340536796,365
0,0,274,257.2996917719483,1740.307345508098,365
0,0,275,288.8078979631187,2168.382284418969,366
0,0,276,258.575438617255,1298.640398893659,380
0,0,277,282.2435937894411,1613.298597737628,402
0,0,278,292.9008754633258,1527.851060306226,387
0,0,279,266.3114000411428,1494.284772935583,367
0,0,280,288.3463325341216,1736.442574139758,367
0,0,281,219.099286590222,829.7040148605266,341
0,0,282,356.7821702293683,2937.097561147748,381
0,0,283,267.6835387973452,1331.629282787127,335
0,0,284,265.5648475371385,1511.333805414176,363
0,0,285,258.2812637380579,1382.218438711354,356
0,0,286,276.4728445473415,1543.189551946719,354
0,0,287,181.8156465488601,646.0079059760245,333
0,0,288,257.1517650151564,1749.732005025791,349
0,0,289,260.5823237541623,1613.379640314283,352
0,0,290,224.1279188337384,1027.071312376645,306
0,0,291,287.5652437591068,2035.109285902037,329
0,0,292,319.0567389695989,2247.779765812005,334
0,0,293,313.0824939526572,1984.503328433528,318
0,0,294,276.2235467620969,1451.58320162868,301
0,0,295,283.0591273201531,1947.421370077263,294
0,0,296,242.8123750719867,1236.616213260887,300
0,0,297,214.6461425418302,1110.463544152937,286
0,0,298,177.3880786021764,1122.610931364923,252
0,0,299,157.8889805632359,735.1632530235,259
0,0,300,186.9863157835052,912.1808576446616,266
0,0,301,278.9675679214749,3184.193028653112,269
0,0,302,196.3252142158017,992.9323013126796,249
0,0,303,166.731781575736,819.229586663002,265
0,0,304,202.2353409406907,1847.870325720146,249
0,0,305,184.856374848977,1011.425492138192,239
0,0,306,172.1614707003683,1182.224004051418,239
0,0,307,157.3385582225947,617.7481182178434,262
0,0,308,188.1464735870083,907.1241946165533,243
0,0,309,167.2296056251794,631.2570860742601,267
0,0,310,184.1053896376267,1060.898097854521,240
0,0,311,296.3522228923453,2235.085278213066,275
0,0,312,250.886956597603,1369.034401530115,260
0,0,313,211.5750578648324,1231.205507352951,233
0,0,314,263.8366515452617,1966.970419224035,245
0,0,315,243.0506281077965,1827.173758314545,244
0,0,316,201.4425610711829,1152.365328943767,229
0,0,317,239.2233433722725,1680.312471492685,239
0,0,318,213.2569305574121,1389.867505040073,216
0,0,319,185.6245237331591,940.9222048279457,228
0,0,320,161.0934766651271,1488.881395728192,229
0,0,321,159.0567343873562,791.3137673040296,227
0,0,322,115.3225852228757,427.0121970569035,220
0,0,323,152.3062917277578,768.8170816632808,218
0,0,324,94.6189529498692,402.0996699833383,211
0,0,325,147.8533014511819,912.8909667170394,230
0,0,326,124.9075800150687,550.9433407544782,216
0,0,327,137.4569898336628,945.0790911583753,216
0,0,328,146.1355163730856,880.3274524675588,199
0,0,329,143.9049602884041,888.0612861963984,214
0,0,330,172.6417281063457,896.7911769076339,235
0,0,331,162.1894550938457,1198.299155098259,203
0,0,332,127.7258939106422,506.4233082520129,209
0,0,333,105.6253615886488,395.2620486777585,179
0,0,334,193.3455115507117,1737.886979821588,212
0,0,335,130.7071207543062,547.4539038808667,203
0,0,336,154.3655233695517,843.8898639285235,192
0,0,337,134.6447499453869,642.4955763945367,200
0,0,338,138.2762277840516,575.1602790148673,207
0,0,339,149.4114713831544,790.2895675489723,204
0,0,340,159.8050750621415,903.2803136504951,183
0,0,341,187.3903989479527,1302.763870423805,180
0,0,342,160.0178411722243,1076.75651837492,184
0,0,343,179.855087475472,1983.322151171549,187
0,0,344,100.9128068735021,335.3317428063745,168
0,0,345,95.95336414234222,498.341983301787,162
0,0,346,118.968669412394,573.6839734430034,171
0,0,347,156.0299710585417,815.9127984191741,212
0,0,348,119.6690288108495,700.2414611184485,206
0,0,349,123.2172864392827,970.307497526812,185
0,0,350,125.2231943937781,752.2529744583508,195
0,0,351,75.07962749088345,322.018086380083,168
0,0,352,81.68450078053839,264.7826131578109,168
0,0,353,98.38399138412296,293.9673803038197,161
0,0,354,133.647163509051,1102.552315973025,163
0,0,355,141.4584199425825,793.8191601018425,175
0,0,356,115.5966587620502,580.4621445320457,165
0,0,357,100.419166882004,436.2255231233509,159
0,0,358,106.0184019527403,539.5875902180197,170
0,0,359,94.14563357064016,369.3055110141862,159
0,0,360,68.36107718341677,238.0813886441909,151
0,0,361,86.76154610177397,454.7569133112216,151
0,0,362,107.7307240254635,629.5394921001813,171
0,0,363,93.01972380444259,318.6692616228308,158
0,0,364,101.2642363336614,654.7149317070879,151
0,0,365,75.92787527607909,299.3602106078058,133
0,0,366,109.5298944119901,444.7655670879938,155
0,0,367,85.70212219067307,428.633587103677,158
0,0,368,88.58216697593046,418.017478534159,150
0,0,369,91.86260405876864,456.4333679927001,166
0,0,370,118.5569935171247,765.0890684974571,164
0,0,371,160.2149498276348,1328.626365205875,157
0,0,372,149.0560109421817,1062.777958982132,145
0,0,373,55.83786132053368,223.4676555437951,123
0,0,374,93.79719864968128,564.9809556250303,150
0,0,375,126.3186650351256,1252.204743520508,129
0,0,376,52.464296395312,130.3460393654107,141
0,0,377,57.31570476525301,166.6331381359096,121
0,0,378,108.6846419551193,1064.791418858224,140
0,0,379,97.1396016290617,591.7826768027151,149
0,0,380,116.6891659160952,1020.029005909231,138
0,0,381,88.15976044750531,587.7921005869711,118
0,0,382,83.30907950136046,413.3552069503333,125
0,0,383,73.66445237225936,277.2389433833163,118
0,0,384,68.44045921775688,497.2180588265252,115
0,0,385,51.02811154265655,157.7527785241662,128
0,0,386,45.98813875048921,154.334240429712,109
0,0,387,63.17183603662042,336.1968519922168,123
0,0,388,81.8095628842518,300.5703212714061,133
0,0,389,94.73562392857662,433.8930525696885,134
0,0,390,90.98778055851999,529.4667151013738,111
0,0,391,121.4763459814911,1640.722881825965,131
0,0,392,79.92979430616093,626.9611670226979,127
0,0,393,70.79302398401315,306.4146338141613,124
0,0,394,89.21849221406765,350.4649023792793,122
0,0,395,80.96660738864172,499.4108741470633,112
0,0,396,76.46973201112986,320.722475896252,124
0,0,397,75.56195942871727,430.4329945039317,129
0,0,398,92.12603389266752,593.2882300619734,124
0,0,399,102.7179044910794,573.1346551048227,127
0,0,400,149.9675556410263,1247.463962766676,129
0,0,401,75.8899445075179,272.2430867121344,125
0,0,402,72.30627547964677,373.2136660201118,105
0,0,403,87.80876578278308,502.5770183450014,97
0,0,404,71.77293868195304,308.5667336372045,99
0,0,405,131.2269484349516,978.0193357258099,122
0,0,406,82.14824526726844,491.3358428710638,101
0,0,407,83.47319506973363,508.4416543812006,112
0,0,408,49.06536253369806,190.828649587518,101
0,0,409,84.69101241296777,864.5152088384591,92
0,0,410,77.94625787766276,543.6887867696524,112
0,0,411,74.2010148988316,555.7350130734288,101
0,0,412,103.5661487522703,1022.20834559249,105
0,0,413,93.16047731084819,765.72277495494,111
0,0,414,75.14859892127079,432.2129067970086,107
0,0,415,95.03018890551205,1277.274593402466,93
0,0,416,69.09447812779139,304.9946628448583,99
0,0,417,50.368302564657,210.4684979867786,97
0,0,418,62.15056382736746,181.989309411082,101
0,0,419,96.60841368565777,499.8507539120571,108
0,0,420,98.33934096500137,550.6823206867916,108
0,0,421,68.40066979467704,207.2853724801259,119
0,0,422,67.92216292105562,247.26112757381,104
0,0,423,86.83706413592911,922.2000084207131,94
0,0,424,76.4182301024309,422.9555549659376,93
0,0,425,62.13997413142939,308.9344261082525,85
0,0,426,59.14228208547782,212.5918605166956,72
0,0,427,75.04705772565826,426.2131570724876,87
0,0,428,88.77830846217185,363.6266409153245,94
0,0,429,81.90841500612389,373.0827511775702,82
0,0,430,105.1200783471439,1505.456794115991,78
0,0,431,54.32353390810798,296.1820636453708,82
0,0,432,78.10519815029622,517.013734014011,78
0,0,433,69.88254966674522,420.0517318702177,91
0,0,434,64.42974407640882,349.0578925587356,86
0,0,435,65.77402161782899,353.9422560154595,84
0,0,436,56.79120577575749,224.8538840870929,99
0,0,437,66.76820126378556,365.7348744330272,75
0,0,438,46.2179959284295,142.1625015601218,74
0,0,439,68.84554091722342,459.6334191748876,76
0,0,440,59.25300684701297,219.7122597109069,88
0,0,441,55.79629817813876,316.1436278134244,74
0,0,442,46.42979998843374,265.5818282873897,82
0,0,443,55.81821423475763,179.2033256011212,83
0,0,444,45.78169787044351,158.9694264026194,85
0,0,445,48.84562531597093,153.9535852511723,78
0,0,446,78.58076842135657,534.1958402842009,89
0,0,447,58.86543267607176,371.4725809647002,67
0,0,448,61.95353590381129,456.8354342726802,68
0,0,449,66.83374139869149,680.9745059824136,72
0,0,450,57.47556231244165,244.4532170230128,76
0,0,451,46.00264403069778,111.3591261351852,78
0,0,452,69.34401234280402,833.2875457981878,82
0,0,453,64.36689135255808,382.7220868258586,81
0,0,454,64.83164464607285,395.9099868769142,79
0,0,455,43.88629348701139,154.4996378406975,82
0,0,456,83.60777174973157,547.0135324098239,82
0,0,457,91.29714140869932,813.2016482251888,76
0,0,458,88.12089932105499,662.1655389969422,63
0,0,459,57.07854080102285,756.2754128343944,70
0,0,460,96.55203138117422,943.9370078857964,76
0,0,461,32.08462211297346,143.3914003806978,67
0,0,462,42.82862278883232,187.2614011650293,72
0,0,463,62.69891192323755,393.4908036118414,57
0,0,464,57.04486409111702,753.2568323884813,72
0,0,465,16.00331497770494,14.97122649844429,53
0,0,466,28.23880095657817,128.0712052606575,58
0,0,467,43.12193413657203,277.2965834705443,58
0,0,468,56.37781071215348,364.9478702233678,61
0,0,469,85.0344165787301,593.6127678536703,67
0,0,470,35.55955406201509,137.0262530729888,56
0,0,471,20.63117316520407,50.737087128173,42
0,0,472,39.35568068652447,134.8177563213234,63
0,0,473,22.32594233324239,51.9443213997788,43
0,0,474,50.34832496630413,384.9136720700196,55
0,0,475,84.76962990773649,688.4823825570194,59
0,0,476,91.98553966480819,1019.634384218303,57
0,0,477,92.8988247997073,1347.473100650562,54
0,0,478,56.65739702009495,649.6059059107436,47
0,0,479,25.81144661667074,81.89877302079728,54
0,0,480,56.06248404913085,430.2882071895656,52
0,0,481,54.5053014158921,499.0354346412989,57
0,0,482,37.05766835220952,144.7848440997537,61
0,0,483,66.19450622378082,467.9763772108908,62
0,0,484,41.55249103845114,146.1638446023762,54
0,0,485,35.26720623155352,100.4518900251676,62
0,0,486,62.79624011459099,379.9910737230268,51
0,0,487,51.54720815833819,650.3468111155393,53
0,0,488,60.16110633314997,368.5499936377161,55
0,0,489,45.6247872676216,200.8407304682221,52
0,0,490,33.41455389230829,109.9073334622823,45
0,0,491,41.31636685182192,142.3753874226412,50
0,0,492,49.11950335408778,280.8563125487404,42
0,0,493,26.57339236940688,65.05961689253724,51
0,0,494,29.71434220775224,84.55171407523324,44
0,0,495,20.40627690557265,49.64948625920115,29
0,0,496,28.13692860994354,98.71223859078674,40
0,0,497,35.44632271743495,243.4622231170985,27
0,0,498,22.7229916437822,92.87588112954872,37
0,0,499,42.79467806513352,546.9663078734727,43
