# mesh name: boxMesh_1
# primitive scorer name: doseScorer
# iX, iY, iZ, total(value) [MeV], total(val^2), entry
0,0,0,6740082.180597584,8212764.248044408,10000000
0,0,1,6810499.962097704,8740791.805996943,9998319
0,0,2,6861511.881220667,9168084.374088131,9994604
0,0,3,6897571.141119385,9118515.944745574,9989890
0,0,4,6939832.295118487,9424519.627723277,9984424
0,0,5,6978486.954561047,9699867.650194803,9978368
0,0,6,7009347.101709782,9690812.364269199,9971498
0,0,7,7038749.906696491,9703673.46165981,9964021
0,0,8,7072201.971018699,9942305.359047985,9955993
0,0,9,7099141.358310895,9905304.810665842,9947500
0,0,10,7127862.963197322,10033041.27773771,9938451
0,0,11,7150130.309751843,9911744.172146119,9928890
0,0,12,7182981.183693809,10260946.32229045,9918976
0,0,13,7207821.260020378,10157618.1482178,9908690
0,0,14,7234298.457734068,10237568.26296969,9898005
0,0,15,7261599.122368785,10316514.83366235,9886672
0,0,16,7286348.041699841,10259245.94523004,9875285
0,0,17,7314046.743641797,10377201.54372161,9863379
0,0,18,7342485.814702608,10464955.72686823,9851150
0,0,19,7371379.947311578,10580492.52099391,9838511
0,0,20,7392801.163187049,10452528.83629471,9825568
0,0,21,7423230.635099389,10595226.4134411,9812372
0,0,22,7445002.009196145,10531144.43004292,9798567
0,0,23,7473539.542553897,10676467.29865186,9784778
0,0,24,7500264.144830181,10725639.67981939,9770587
0,0,25,7525695.611385803,10711968.97100284,9756158
0,0,26,7552566.156845439,10787140.92722419,9741420
0,0,27,7580789.902388302,10918606.02559889,9726284
0,0,28,7607823.554647425,10862511.7798857,9711144
0,0,29,7635786.562616293,10912471.70990192,9695613
0,0,30,7662212.781555451,10982112.25159532,9679665
0,0,31,7691017.449276371,11065891.08223502,9663405
0,0,32,7718308.064154212,11102433.33920529,9646997
0,0,33,7744581.034494351,11139190.10692945,9630091
0,0,34,7773101.931034805,11150780.73798075,9612976
0,0,35,7801369.646551965,11198934.90887326,9595699
0,0,36,7828347.803238743,11231914.2764778,9578259
0,0,37,7857073.246718467,11259338.47983602,9560725
0,0,38,7885909.372240732,11271711.97046043,9542971
0,0,39,7916482.764442927,11368587.34716726,9524850
0,0,40,7948905.979253832,11466535.82148859,9506084
0,0,41,7978651.223443021,11533780.31140049,9487465
0,0,42,8007082.478868823,11482746.00491327,9468545
0,0,43,8040597.432739609,11649544.7340855,9449626
0,0,44,8074131.631526393,11724373.70500513,9430416
0,0,45,8101798.150644439,11625391.77814911,9410837
0,0,46,8137495.662094228,11802633.43120025,9390981
0,0,47,8170942.000839226,11848016.68694467,9371237
0,0,48,8205721.665494563,11907246.24171369,9350811
0,0,49,8242147.083924388,11925047.17850122,9330730
0,0,50,8278625.984690354,12041497.77549884,9310280
0,0,51,8314758.559278488,12188369.12118781,9289243
0,0,52,8346599.660453614,12146131.34196257,9268175
0,0,53,8386638.763424414,12300290.92513281,9247043
0,0,54,8423054.585419562,12315308.11210782,9225756
0,0,55,8446205.399595506,12353875.13768124,9203960
0,0,56,8449582.303745948,12412914.78171799,9182380
0,0,57,8438393.431243641,12364930.25110347,9159722
0,0,58,8456002.514213778,12379222.17351557,9137057
0,0,59,8507042.516472507,12560105.68349305,9114825
0,0,60,8563240.061576569,12625873.20104511,9092118
0,0,61,8624289.467048371,12790235.8023512,9068971
0,0,62,8684695.61935693,12836723.90505859,9045919
0,0,63,8753486.616053807,13012095.49043232,9022547
0,0,64,8823173.126801878,13108504.46032595,8998929
0,0,65,8895109.12292619,13281408.35363651,8975095
0,0,66,8970680.32238359,13460021.51301711,8950893
0,0,67,9047297.387634296,13651773.4753896,8926237
0,0,68,9120496.396022987,13761788.34209554,8901544
0,0,69,9197191.802024614,13994839.49854499,8876839
0,0,70,9269935.544700071,14176286.02694931,8851841
0,0,71,9340385.897750465,14330567.79498231,8826156
0,0,72,9403407.093091389,14379976.19732605,8800646
0,0,73,9464193.998279318,14571130.48887139,8774665
0,0,74,9523410.392910089,14714618.68470202,8748340
0,0,75,9579557.764862366,14851814.79677163,8722079
0,0,76,9644248.319213506,15093579.72948334,8695321
0,0,77,9706392.859396597,15171021.80500642,8668585
0,0,78,9783233.836334223,15502586.42574884,8641490
0,0,79,9858770.102576749,15650591.36588054,8613427
0,0,80,9944826.103731843,15766061.5434514,8585403
0,0,81,10050894.38711199,16197918.28569055,8557259
0,0,82,10160808.35800684,16452127.58246541,8528352
0,0,83,10286245.01827707,16838413.27102387,8499403
0,0,84,10422862.93186241,17231856.2489393,8470079
0,0,85,10566478.07897598,17555440.30259258,8439868
0,0,86,10724457.07571559,18010587.25720143,8409750
0,0,87,10885161.39586489,18407619.7088046,8379275
0,0,88,11061669.47377971,19073822.20407834,8348647
0,0,89,11231076.94222477,19548250.19788896,8317154
0,0,90,11402557.74332456,20052639.7416386,8285850
0,0,91,11575805.41261028,20611609.31247175,8253156
0,0,92,11759500.36439907,21211991.96575397,8220554
0,0,93,11957620.25778769,21863486.8508537,8187141
0,0,94,12188161.86202471,22788136.95953744,8152885
0,0,95,12454531.74764165,23903509.70877896,8118369
0,0,96,12756516.55045325,25130216.99184316,8082551
0,0,97,13090002.71112504,26313550.49148186,8045838
0,0,98,13454414.45971523,27581861.49067139,8007781
0,0,99,13851959.10154157,29049698.65137139,7969062
0,0,100,14274329.31556679,30519640.66221775,7928875
0,0,101,14747497.24105189,32269029.84879583,7887713
0,0,102,15305977.77956506,34456794.84885081,7844874
0,0,103,15983845.51405162,37378558.88565467,7800696
0,0,104,16802713.53952441,41150245.92443816,7754011
0,0,105,17806761.36084992,46215228.08061496,7703659
0,0,106,19049729.37795686,52972857.20054947,7647094
0,0,107,20676953.44386838,62733685.0125797,7581066
0,0,108,22938963.48738756,78289856.46328966,7496115
0,0,109,26245155.96511542,105406933.3510768,7367894
0,0,110,30498395.78182957,148978369.359305,7096020
0,0,111,32557443.06680998,187380852.4180933,6365919
0,0,112,26734659.45216908,168407625.6790117,4749627
0,0,113,14203813.61779196,91488787.51207401,2516096
0,0,114,4291444.091699668,26879911.07713012,815601
0,0,115,670514.6469266757,3943074.891721987,146029
0,0,116,54798.79190044477,299486.2283457483,18028
0,0,117,7472.946844481663,43802.93736263912,6848
0,0,118,5595.862390063295,33101.9577007062,6224
0,0,119,5024.790364244919,28122.85978339835,5830
0,0,120,4985.199778179883,30116.96851964918,5732
0,0,121,4672.141894337351,26432.05926252513,5579
0,0,122,4499.190697633962,25120.65127204918,5338
0,0,123,4399.73646038654,23616.31948568885,5153
0,0,124,4104.627728530797,20398.97265012906,5156
0,0,125,4171.001944520278,26390.05669878039,4977
0,0,126,3953.973675471118,22668.70055812458,4870
0,0,127,3907.320050646277,22399.21193648313,4773
0,0,128,3951.483418213896,24118.83101522208,4611
0,0,129,3798.696716844147,20999.24619461345,4501
0,0,130,3749.782047838004,23286.63262089028,4414
0,0,131,3376.32174722727,18076.58090381472,4240
0,0,132,3435.652377485239,18352.80109037838,4135
0,0,133,3371.109003823502,18922.05906190068,4025
0,0,134,3523.06405836457,20413.64562364735,3895
0,0,135,3395.159269303902,20221.96835178685,3790
0,0,136,3271.843630810715,17468.34776444249,3820
0,0,137,3336.128104526854,20107.21962284861,3711
0,0,138,3151.570629849098,20757.21350315759,3548
0,0,139,2934.3970268115,15459.6166105039,3498
0,0,140,2900.742351893583,16992.06131726116,3335
0,0,141,2911.908313294172,17286.83384960188,3323
0,0,142,2876.797638285084,16995.09866105275,3237
0,0,143,2853.319670851782,18507.89329956353,3197
0,0,144,2685.704284522375,15325.88234185763,3137
0,0,145,2632.813279501554,14458.1527400682,3015
0,0,146,2542.835673098225,14051.30601970236,2952
0,0,147,2533.971229833323,13233.63476909812,2907
0,0,148,2511.753005969346,13906.84866427797,2844
0,0,149,2612.381058204386,15728.21884614906,2795
0,0,150,2578.200695817219,14599.21360132029,2703
0,0,151,2400.681430677469,15145.33985953775,2725
0,0,152,2220.132304920756,11874.65459703519,2631
0,0,153,1989.196200264498,12019.33574715685,2536
0,0,154,2082.775584173963,10136.76613021443,2491
0,0,155,2309.401370458999,13546.29074802435,2461
0,0,156,2093.476690669183,12017.21301299471,2378
0,0,157,2105.135846115454,11087.86582845377,2435
0,0,158,2169.050073632812,15071.2118152242,2330
0,0,159,2067.631888706068,12393.6163674432,2342
0,0,160,1978.583008984064,13177.54649753277,2226
0,0,161,1864.768469032323,9664.729096484165,2192
0,0,162,1955.828817180522,10957.01155840752,2224
0,0,163,2013.282474103973,12022.65708969551,2138
0,0,164,1678.964644700642,9164.671463427354,2120
0,0,165,1782.227302079071,10969.9173814591,2060
0,0,166,1686.427623386929,11284.85626636733,1956
0,0,167,1622.763001857627,9157.626911110006,2016
0,0,168,1613.33804487924,9461.911915252882,1884
0,0,169,1680.536105215366,13628.21400769385,1848
0,0,170,1491.991021560224,9423.298405813839,1868
0,0,171,1447.171676614608,7664.70437205837,1816
0,0,172,1367.856529475741,6070.61864810617,1807
0,0,173,1545.858021387845,9913.214785343664,1800
0,0,174,1481.615829799938,8086.675384052026,1753
0,0,175,1433.520093857825,9034.341609631811,1650
0,0,176,1335.589300167545,7348.163891466582,1606
0,0,177,1415.60425701879,10056.01458531029,1592
0,0,178,1316.870478390781,7376.491680220972,1575
0,0,179,1368.285354757625,7462.693016949133,1583
0,0,180,1381.234913690129,9852.792896136491,1607
0,0,181,1387.412557537163,8214.849933103658,1527
0,0,182,1277.95902376865,7594.24917676967,1416
0,0,183,1275.316548939779,7742.492583685374,1472
0,0,184,1371.582694881811,9407.854074783261,1460
0,0,185,1366.589549363596,9463.99860653808,1463
0,0,186,1305.238084530272,9265.373834643447,1392
0,0,187,1171.367587506162,6909.038885707646,1353
0,0,188,1146.658630380011,8641.208016898001,1331
0,0,189,988.2296669116467,4914.994934572263,1296
0,0,190,1062.02653184406,6647.477560889192,1289
0,0,191,1107.601265679975,7720.257024933991,1228
0,0,192,1066.326437738007,9185.317553697949,1227
0,0,193,1057.559088496468,6090.181534076899,1223
0,0,194,1025.369410728234,5222.208493412777,1256
0,0,195,1121.509145843266,7150.684492595361,1224
0,0,196,968.7774625065792,5078.18331487428,1239
0,0,197,1126.970791896348,7661.946068475436,1225
0,0,198,1027.741365245835,6263.741359963693,1177
0,0,199,1067.477758497343,7107.371576755335,1160
0,0,200,952.3733801930109,6866.447857941193,1111
0,0,201,791.0708401475397,4529.037864063645,1061
0,0,202,988.0829046447105,6067.89624201164,1089
0,0,203,875.7595661135462,4280.15075981438,1065
0,0,204,1045.201739871991,7421.350617414011,1115
0,0,205,969.0860759853466,5601.364883711455,1114
0,0,206,970.7852527361024,5778.075108248393,1069
0,0,207,885.083983092774,5387.176725366851,1043
0,0,208,803.179334803885,4106.326705920468,1043
0,0,209,869.0282728565321,4967.115905801286,1013
0,0,210,760.2553741998947,3909.940742709915,1002
0,0,211,871.0947566407473,5891.523022075213,995
0,0,212,726.8361066564322,4311.319187624662,951
0,0,213,774.2984278682295,4448.717081539563,949
0,0,214,718.5680565808059,3648.727830468232,967
0,0,215,824.9765608469464,5050.791346034813,914
0,0,216,788.757882146779,5517.741793226702,894
0,0,217,750.3388676740459,3919.304679684339,909
0,0,218,724.1482580285474,3987.78762006763,844
0,0,219,728.4900746965239,4946.91998958615,825
0,0,220,743.7138889602737,4361.368218582947,879
0,0,221,775.6467696484465,5017.978799560729,874
0,0,222,672.6261186818576,3177.777256313876,912
0,0,223,758.886487415224,3742.440653270378,855
0,0,224,721.6100591660229,3508.351768235659,819
0,0,225,707.2304547188478,3898.619986533004,830
0,0,226,690.1138880859676,3617.904534663829,805
0,0,227,708.3370120673979,3445.95417658722,817
0,0,228,756.8938208309712,4875.836516138029,786
0,0,229,610.3126231846794,3099.997628869982,774
0,0,230,701.930199326088,5296.342665921237,764
0,0,231,631.385143070253,3823.084526924265,732
0,0,232,643.145765718349,4304.406770016793,727
0,0,233,610.8380936786384,4264.439861511592,732
0,0,234,676.1044038074746,5747.628669268895,734
0,0,235,637.3920889285756,5355.055576726209,701
0,0,236,539.5099316936113,5405.987729979888,675
0,0,237,530.9836362664856,3271.447105798488,649
0,0,238,554.9812050572571,3889.286967917712,660
0,0,239,585.5553075050981,3479.165203079671,649
0,0,240,563.8717202768732,3238.489091048713,678
0,0,241,518.3885779109169,2453.481647610431,679
0,0,242,631.3710254397963,5331.041897258586,697
0,0,243,634.5535510265084,4433.009435275363,714
0,0,244,580.9046574581528,4221.832686663765,690
0,0,245,523.1245222607483,2314.328839046275,676
0,0,246,582.0801995171217,3354.723656865277,689
0,0,247,528.9850445240255,3616.287171577903,629
0,0,248,476.5377342727306,2632.823967836082,604
0,0,249,523.0974315286684,4853.668284448675,631
0,0,250,536.7419703177808,3974.601121477475,620
0,0,251,590.2298402727092,4950.854425160712,627
0,0,252,620.9300048539175,5773.58101986057,624
0,0,253,466.6396353269952,2430.336600654933,588
0,0,254,516.2271591511611,2935.576029687946,593
0,0,255,479.3039005901377,2874.011025394107,578
0,0,256,441.1113128251646,2713.253235668066,555
0,0,257,471.5580388783015,3245.844851336258,581
0,0,258,473.8892420546124,3194.564088170327,548
0,0,259,456.474951305539,4121.065474119472,542
0,0,260,449.2368478909058,3065.813924754124,553
0,0,261,495.431413188577,4414.202509865727,571
0,0,262,469.6136440973397,3153.433378443422,551
0,0,263,386.4845548229958,1629.813034272591,526
0,0,264,428.3358999908834,2748.534790475217,543
0,0,265,428.850488544008,2570.834444904579,515
0,0,266,500.1999517420772,3474.973713427067,509
0,0,267,359.1500178425891,1699.749393996171,471
0,0,268,397.4926600531468,2181.945042610007,486
0,0,269,480.565858967517,3027.31724651774,488
0,0,270,494.1278679455801,3387.20602685063,504
0,0,271,434.0123526659145,4211.974053059299,485
0,0,272,441.866834817976,4475.686727078428,507
0,0,273,378.0181146573059,2385.012183517006,503
0,0,274,358.5533141235352,2190.279993915772,482
0,0,275,300.6669594413453,1247.581528718743,461
0,0,276,322.7077961659467,3767.670056669932,447
0,0,277,280.5143667216483,1083.780927391125,467
0,0,278,276.5895320954592,1227.006363179344,440
0,0,279,398.8270634678517,2599.501380143199,466
0,0,280,327.6255655230604,2065.652033760332,453
0,0,281,313.6261769177128,1457.639874408148,468
0,0,282,354.0851906368813,2119.170905884182,457
0,0,283,318.0398312808249,1294.370233850097,442
0,0,284,380.3395294244951,2393.083837739638,456
0,0,285,453.7603269937506,2858.509874019604,453
0,0,286,429.6946383950252,3323.98126359754,481
0,0,287,391.1619034117895,1973.132057716932,441
0,0,288,385.9217833639244,2392.078820716543,448
0,0,289,349.3718270904379,1525.417549598278,453
0,0,290,398.948771634618,2192.022540196572,438
0,0,291,385.5863509886259,2201.364671648776,406
0,0,292,357.9883575423808,2534.456400552991,390
0,0,293,361.3669139263774,2328.17082145365,430
0,0,294,354.2489241641914,1993.012612430876,412
0,0,295,394.5039092077514,3052.907431897569,383
0,0,296,319.1341451361362,1486.252965493547,409
0,0,297,335.0525633772205,2223.379048684179,395
0,0,298,326.2987593290296,1881.388102312376,382
0,0,299,328.9878853391944,2239.886340868294,406
0,0,300,366.943468785143,3477.992216164352,375
0,0,301,293.6737200707489,1529.360891687821,365
0,0,302,246.0403610556347,1188.901841779615,346
0,0,303,289.606562196682,1589.184271658395,364
0,0,304,327.3227099872112,2334.299096487776,367
0,0,305,245.3009589953803,1160.311233030871,354
0,0,306,187.0185783538618,859.0635685068305,326
0,0,307,237.9074887191065,1510.524387960928,341
0,0,308,276.8011903790318,1866.064102079527,325
0,0,309,222.178839012077,1198.425057019635,308
0,0,310,211.9878654204694,813.9332769150396,316
0,0,311,249.2880131807102,1701.526423140375,297
0,0,312,289.5855389161619,2280.733832212628,324
0,0,313,268.80738767593,1337.936243531275,337
0,0,314,257.7659594120541,1629.86653102182,311
0,0,315,260.752645701502,1506.627926377054,329
0,0,316,259.9222052651087,1331.755089977689,332
0,0,317,209.2482919986892,919.658996494179,326
0,0,318,234.5917426608367,1596.379467492833,314
0,0,319,211.4370106752484,807.9937712723176,296
0,0,320,214.6529751848405,943.5845310023866,305
0,0,321,239.7054822222088,1288.923200947297,290
0,0,322,218.8717642567057,1088.333901726386,293
0,0,323,214.2028797597811,872.5912356607901,305
0,0,324,238.5346442687445,1087.15765795389,260
0,0,325,297.3257927361317,2185.366615456564,303
0,0,326,275.0187617236733,1594.705561614597,274
0,0,327,249.1009208556376,1293.513009024646,278
0,0,328,352.6869134253482,2295.965798661968,292
0,0,329,225.7795927570651,1030.020838218834,281
0,0,330,246.8102048971341,1916.918788577522,271
0,0,331,170.4542220922326,757.0071155008716,275
0,0,332,194.2764715953045,1014.89663977696,270
0,0,333,185.5777632909728,868.4860952610931,245
0,0,334,180.7975166654552,715.0315564151889,241
0,0,335,157.2275782971639,747.6436279434191,259
0,0,336,158.9642702180513,612.235232711385,269
0,0,337,184.2824736734258,950.1509297492343,239
0,0,338,229.7824507015732,1531.478111035922,246
0,0,339,137.3973815067863,1034.076970924486,220
0,0,340,166.6300507243791,821.9702549563831,241
0,0,341,179.6860796793192,891.8960789479023,239
0,0,342,180.7738748818488,1006.086524824559,255
0,0,343,198.1868095086286,1491.47358287974,234
0,0,344,203.6533870894246,1339.683181304082,233
0,0,345,219.2982201611981,1206.396064471616,228
0,0,346,180.7491326401196,859.6377665731793,254
0,0,347,198.3015294197189,1436.51740052344,223
0,0,348,230.2090843280527,1524.274948187152,225
0,0,349,217.9755245960963,1785.628623446319,214
0,0,350,160.5512992923004,859.0492384210503,202
0,0,351,206.7107509897601,1350.807497375634,208
0,0,352,172.6916277485477,1255.529224608042,210
0,0,353,192.0053957266909,935.122903472401,231
0,0,354,225.5258309335099,2129.615841574934,222
0,0,355,185.8050655333837,866.6390971547845,223
0,0,356,144.8199402326432,597.5448002129571,217
0,0,357,231.8203153795607,1642.614063446662,228
0,0,358,190.6369523854728,1144.140215199735,214
0,0,359,182.1241424680441,1786.442074753523,211
0,0,360,180.4602392339157,801.8851101887504,231
0,0,361,177.4566349901823,1341.891379228097,218
0,0,362,147.1818552175004,818.8166342399795,190
0,0,363,197.4529620756376,1529.158599070045,211
0,0,364,193.1366069493764,1494.274701382984,204
0,0,365,167.4381325714434,1070.210818054928,174
0,0,366,117.5452468103909,536.2983996362337,171
0,0,367,155.686595529895,960.4924396103659,177
0,0,368,157.5780417743363,3054.431995539397,188
0,0,369,98.59548446779044,299.6040440798259,167
0,0,370,133.7472038808027,486.9033406002086,192
0,0,371,153.3749437202259,846.6454360097028,188
0,0,372,148.473042958385,938.9495519416912,195
0,0,373,123.4321623404468,683.9692496964029,183
0,0,374,153.3848286959555,943.6767786558795,171
0,0,375,129.2426938614494,734.7907615619571,168
0,0,376,127.154849659972,852.795521552792,168
0,0,377,91.80363411565087,472.0711356073923,155
0,0,378,95.25367979051754,435.1771372478782,169
0,0,379,112.442791789327,651.6161040237112,181
0,0,380,131.1080487061831,668.6117131158594,172
0,0,381,134.0047570159173,704.8711045861528,179
0,0,382,176.0613363141023,1780.620329850538,182
0,0,383,103.985560940891,327.2198159242548,181
0,0,384,143.5816439450795,852.1632771741597,165
0,0,385,131.3242335979564,674.5346043743888,173
0,0,386,186.0699018579328,1146.883853374233,169
0,0,387,107.9371407124303,407.0511425901695,174
0,0,388,167.5919394147907,1085.072024728605,162
0,0,389,110.6566270063644,492.863386824054,158
0,0,390,124.0790095159661,883.2795487143883,159
0,0,391,163.3702751340327,1275.20132546129,164
0,0,392,103.1193227757832,454.9147523290968,167
0,0,393,106.9434314519286,410.2203371540791,165
0,0,394,133.8854830886994,668.9136856963647,165
0,0,395,174.8222243492732,1721.989259872028,150
0,0,396,152.8123159607744,1366.945480212769,152
0,0,397,123.5322439424319,539.7955679701411,158
0,0,398,136.9151699626913,824.5555932611404,150
0,0,399,168.7219523450353,1216.287032372222,139
0,0,400,101.8218034275105,527.479972716138,133
0,0,401,77.49835919462362,313.7876558702902,126
0,0,402,116.707338524407,654.3406613265039,122
0,0,403,186.5059677782412,1533.723221699717,158
0,0,404,122.3596765661672,849.0875987376229,139
0,0,405,124.9400192806818,660.5991127671534,152
0,0,406,94.7401803286665,467.1457347049379,138
0,0,407,113.4901400052807,670.6929175886936,150
0,0,408,94.44122054038323,599.8229993712597,118
0,0,409,114.9444001221974,616.4505122081983,127
0,0,410,117.6511192414584,587.2697321978009,120
0,0,411,119.6196537500058,1045.882015669227,123
0,0,412,128.9965341275924,598.2331157651145,142
0,0,413,148.6121376298083,839.5951182411903,135
0,0,414,115.0737173217171,678.4904958062813,123
0,0,415,96.06080052699183,376.3513657318014,144
0,0,416,86.56571242633301,468.5319820646078,133
0,0,417,122.777299481853,1359.486385261063,144
0,0,418,73.62526310345255,298.9302657955866,124
0,0,419,118.6998589964153,836.4938877639767,133
0,0,420,107.1162842087107,688.0826130894384,127
0,0,421,62.27926203264583,196.7891578517141,101
0,0,422,114.774486139324,889.6782592390799,130
0,0,423,79.75747122877883,381.7014305101291,120
0,0,424,115.7869058725403,1161.252546389826,114
0,0,425,98.74624671818249,606.4772048145683,117
0,0,426,80.56632648275344,387.8900560734631,102
0,0,427,64.71847753123809,291.7217458747173,103
0,0,428,62.88322420710943,208.2379720390976,105
0,0,429,61.1135257657798,203.6540145455291,122
0,0,430,85.71138133920373,739.7276370046941,108
0,0,431,110.598091271911,768.4885015704369,125
0,0,432,114.0813033340654,825.6829852637942,124
0,0,433,99.9972633831849,521.8124965907527,119
0,0,434,49.84140027361043,167.4464872536585,89
0,0,435,100.6910417980195,719.5104157940353,113
0,0,436,87.74649044408658,437.6450241836187,111
0,0,437,81.53740451288253,332.9010357288322,117
0,0,438,89.79307897692489,461.9896369803775,109
0,0,439,72.53137098399613,348.8638151335213,91
0,0,440,75.62450783799913,412.3182975704009,81
0,0,441,48.08946691443399,149.1762088832907,86
0,0,442,56.05151179517029,175.0128031540745,89
0,0,443,137.4506452190118,1780.78120974705,97
0,0,444,74.00868496611425,423.84112055563,78
0,0,445,137.9232327091213,3520.150753897845,86
0,0,446,67.17089351888961,324.1322798103911,73
0,0,447,70.750701956462,379.4942344099192,86
0,0,448,40.47525016398023,168.0195554559897,78
0,0,449,53.66272078129894,283.7980079536375,71
0,0,450,89.5405115662935,768.1602872774492,75
0,0,451,54.89536591892733,194.8782637162377,64
0,0,452,57.50603286037802,291.4334463431367,76
0,0,453,96.38152177027281,1668.49222563737,79
0,0,454,64.31288253130823,293.2575460601755,83
0,0,455,90.34267115445125,345.2866948372289,99
0,0,456,73.72044957053825,292.2643245764635,88
0,0,457,95.98286866085675,555.0096393191711,90
0,0,458,66.33678291014739,260.001611191259,90
0,0,459,93.28906050131478,633.0991956722117,89
0,0,460,68.89404388026234,391.7711277852809,91
0,0,461,66.16986127004252,430.7653911580865,78
0,0,462,66.03229648000764,368.0256105915589,82
0,0,463,74.75621947231109,659.5537983198025,68
0,0,464,132.0912213492351,2109.281029130813,70
0,0,465,57.94693864350015,294.2720627841222,58
0,0,466,58.67837494050569,230.2337880211567,66
0,0,467,66.58647804970475,386.4882286981642,68
0,0,468,68.12455458712458,337.0322055023479,58
0,0,469,108.0576862472058,1657.119329843096,68
0,0,470,73.3427686058068,588.3473850363505,66
0,0,471,66.69820914756502,385.0839911253263,69
0,0,472,67.93315716791861,426.1830911047044,75
0,0,473,89.82385692584603,698.5119220247481,76
0,0,474,51.161289330081,341.3745554458001,67
0,0,475,43.54316886774609,195.3495956469637,64
0,0,476,83.95129479174869,1035.252595699649,74
0,0,477,80.77037651596892,851.9571736652205,70
0,0,478,69.01825493374213,512.5668471750137,63
0,0,479,65.87782606819158,381.7057502176536,62
0,0,480,45.48387686593071,273.4323848954771,50
0,0,481,46.27724611861473,172.4548399426027,49
0,0,482,63.29861561530253,991.8313329278396,52
0,0,483,30.65730861834723,204.92668136492,56
0,0,484,27.044563689014,67.51348109961411,57
0,0,485,59.76910027955579,807.3874920705697,52
0,0,486,36.82925500114355,131.2907541388814,63
0,0,487,35.66672199354699,174.7962861669405,56
0,0,488,54.6571097075049,319.6565465310545,60
0,0,489,58.26169778188453,302.7183507024336,48
0,0,490,82.06458086236087,1033.142447650854,59
0,0,491,41.5962152722273,184.973214528877,55
0,0,492,47.3291927874456,323.5392002698549,41
0,0,493,44.005640648461,146.6526852866586,51
0,0,494,57.84650781280529,248.5775115397855,54
0,0,495,112.7347751128031,1513.632602920513,61
0,0,496,60.81488184355751,454.8139695476758,50
0,0,497,54.56973303884357,272.2193875812995,59
0,0,498,50.22856794870472,286.5664353925984,45
0,0,499,49.34337616820327,195.7697147550895,51
