# mesh name: boxMesh_1
# primitive scorer name: doseScorer
# iX, iY, iZ, total(value) [MeV], total(val^2), entry
0,0,0,6705221.750587414,8228120.037781013,10000000
0,0,1,6774967.390685485,8700442.693999076,9998316
0,0,2,6823760.209878449,9085368.923255932,9994601
0,0,3,6861176.864360984,9111053.093546063,9989939
0,0,4,6901899.469178414,9388295.495996531,9984515
0,0,5,6939979.36983121,9647123.809651706,9978496
0,0,6,6970858.878434823,9623969.85162588,9971760
0,0,7,7000803.638014741,9660739.086475976,9964348
0,0,8,7032499.78769268,9844232.111402476,9956373
0,0,9,7060454.394283145,9891549.826833326,9947933
0,0,10,7087411.957994496,9930670.934510073,9938995
0,0,11,7110930.836925883,9890962.249077506,9929566
0,0,12,7142077.138557704,10190978.49901343,9919666
0,0,13,7166769.585153375,10131994.80683483,9909399
0,0,14,7192228.927296835,10203628.29307406,9898716
0,0,15,7219468.623319961,10320239.75027605,9887486
0,0,16,7243488.744794141,10259200.25370838,9876150
0,0,17,7267791.363640726,10277114.47371234,9864358
0,0,18,7296726.714921054,10427071.50409683,9852219
0,0,19,7323966.435103147,10469854.63130703,9839787
0,0,20,7344741.598198415,10387801.14841483,9826930
0,0,21,7375369.333182538,10546780.48790736,9813724
0,0,22,7397315.157983004,10529324.96417029,9800111
0,0,23,7423305.519792747,10609346.6444406,9786278
0,0,24,7450097.565102749,10662596.31592328,9772271
0,0,25,7476410.091935011,10745165.90978927,9757978
0,0,26,7502437.240805351,10703500.44229896,9743387
0,0,27,7526922.267065729,10808193.36430588,9728185
0,0,28,7555244.274617312,10847584.90960416,9713007
0,0,29,7578887.444112348,10788426.84975224,9697598
0,0,30,7607664.927035025,10933776.86719732,9681821
0,0,31,7634866.054939043,10940841.37173633,9665814
0,0,32,7661357.86921131,11042084.44522,9649466
0,0,33,7686455.911238949,11011003.47319794,9632809
0,0,34,7715154.017435325,11062104.71725729,9615774
0,0,35,7743371.730792945,11127413.35298967,9598529
0,0,36,7770775.474786044,11218006.73863184,9581433
0,0,37,7800114.340489922,11243713.88189007,9563978
0,0,38,7828126.112010682,11274612.76931085,9546503
0,0,39,7855913.70293556,11281694.93905839,9528527
0,0,40,7886398.294561656,11331062.72565584,9509982
0,0,41,7915190.458389984,11398023.03452173,9491596
0,0,42,7944828.678969378,11449053.19701048,9472764
0,0,43,7975344.345513408,11534267.11288199,9453878
0,0,44,8008011.734377123,11619375.84914337,9434876
0,0,45,8032788.66235951,11481642.6117075,9415325
0,0,46,8068469.067990127,11665987.94828955,9395892
0,0,47,8100260.433430084,11792646.102766,9376087
0,0,48,8131232.036498113,11708656.84949237,9355949
0,0,49,8166623.413449341,11776350.47857418,9335678
0,0,50,8200015.88918266,11819105.82075483,9315381
0,0,51,8236449.960887426,12011627.32118205,9294642
0,0,52,8268826.095803381,12004758.98632926,9273838
0,0,53,8308194.815910925,12152538.32138073,9252485
0,0,54,8345104.083537152,12225239.42029545,9231299
0,0,55,8379787.610331911,12179638.1986185,9209967
0,0,56,8415766.254179649,12329793.44082244,9188535
0,0,57,8427666.948401576,12402726.50747778,9166508
0,0,58,8418374.023773624,12377736.02459882,9144198
0,0,59,8423431.760292603,12423086.74754436,9122185
0,0,60,8456179.953214003,12418902.10500768,9099747
0,0,61,8511139.237992467,12595747.66108707,9077123
0,0,62,8564524.653026646,12603720.22033691,9054253
0,0,63,8629390.689087689,12850321.25062232,9031085
0,0,64,8692283.070936652,12866375.95842476,9007834
0,0,65,8760812.017997805,13006350.08959726,8984581
0,0,66,8832326.752819151,13151359.17456149,8960330
0,0,67,8904234.418055197,13301659.14884419,8936156
0,0,68,8981909.45439028,13508171.59878702,8912020
0,0,69,9056435.640355164,13683964.32471595,8887511
0,0,70,9132030.921960639,13865370.27067794,8862661
0,0,71,9205574.572635723,14059913.45065375,8837388
0,0,72,9276111.710072281,14166221.87266678,8812207
0,0,73,9344162.397504486,14350228.10893267,8786869
0,0,74,9404938.975894889,14439226.52673477,8760885
0,0,75,9461939.660072185,14516319.09196046,8735268
0,0,76,9523870.250406856,14814099.45255465,8709051
0,0,77,9584099.745125374,14916384.22077587,8682717
0,0,78,9646464.699214542,15144613.5537534,8655929
0,0,79,9711782.875003792,15296403.5171173,8628633
0,0,80,9785312.857368791,15457062.74934453,8600910
0,0,81,9867424.381674251,15657572.18962481,8572844
0,0,82,9965186.312299853,16042075.27760855,8544658
0,0,83,10069666.19630584,16288833.19033379,8515940
0,0,84,10187069.1873394,16563398.16715965,8487436
0,0,85,10315502.32016337,16914363.31169149,8458308
0,0,86,10457011.82133566,17304041.17036432,8428852
0,0,87,10604159.93973994,17670247.55547214,8398812
0,0,88,10769564.16038755,18188683.48391101,8368778
0,0,89,10936264.52160312,18669927.70450639,8338208
0,0,90,11105195.3950793,19157893.84338584,8306882
0,0,91,11279083.04883186,19774029.62385517,8275189
0,0,92,11449668.24271417,20319273.58783855,8243116
0,0,93,11622768.82722579,20762816.09998043,8210594
0,0,94,11817562.58993449,21564022.9530236,8177652
0,0,95,12026056.30792817,22235498.33393576,8143594
0,0,96,12269634.51818574,23192909.15045316,8108925
0,0,97,12550447.38504062,24349680.2109307,8073573
0,0,98,12863963.01871129,25483808.53604594,8037545
0,0,99,13219198.73757614,26924417.60145534,8000794
0,0,100,13596050.14911908,28197317.58302291,7962146
0,0,101,13998821.63108918,29581523.19200296,7922519
0,0,102,14444248.31612845,31273696.59401685,7881811
0,0,103,14950526.20633081,33140500.63502955,7840124
0,0,104,15561716.72347478,35669499.0126018,7797251
0,0,105,16303521.68697955,38987133.71614864,7751965
0,0,106,17201748.4688894,43287814.96929565,7703964
0,0,107,18303907.39208268,49005595.55161846,7651357
0,0,108,19708393.72075199,57044935.19119797,7590892
0,0,109,21586860.20870423,69035664.22107032,7516545
0,0,110,24286725.07517727,89154657.62490833,7416000
0,0,111,28136576.21737871,124150090.0448434,7238898
0,0,112,31893697.39038962,169642438.8034574,6798752
0,0,113,30687397.20006843,185746141.1451831,5680186
0,0,114,20978785.46133171,134336755.4346993,3687586
0,0,115,8789953.457710724,56182339.2867448,1594973
0,0,116,2023663.468913723,12385259.59613355,403260
0,0,117,241224.1523936176,1377408.900922503,58309
0,0,118,18596.71261826383,97676.71660372833,9793
0,0,119,5990.802531157237,32863.26123598558,6560
0,0,120,5628.506035738744,33124.03085993564,6241
0,0,121,5537.767251288258,30834.58492809409,6130
0,0,122,5403.836160693256,29946.38800414471,5934
0,0,123,5099.247546770019,30324.91232791681,5696
0,0,124,4611.874105488843,24484.35367419653,5456
0,0,125,4508.593426224033,23448.60221574712,5415
0,0,126,4368.801136679966,24882.67697781129,5126
0,0,127,4299.244619346833,23709.61017736851,5013
0,0,128,4077.413393532474,22909.65292404462,4852
0,0,129,3985.801042801334,23199.70314004963,4699
0,0,130,3943.926783132401,26979.64104298449,4567
0,0,131,3941.341248631058,23973.31598332465,4579
0,0,132,3804.457587138517,21528.580985695,4433
0,0,133,3966.413068804382,26024.06591785171,4255
0,0,134,3689.252994664915,20696.49247623053,4155
0,0,135,3365.879579082531,18573.4228379796,4062
0,0,136,3576.267548113411,20459.81995113067,4042
0,0,137,3286.443743409071,17589.17974960911,3908
0,0,138,3293.627677554824,17985.62832733697,3788
0,0,139,3219.013259828114,18501.5751502517,3593
0,0,140,3261.92875167564,19474.60398435775,3681
0,0,141,3120.734302277061,17921.33610475408,3455
0,0,142,3101.690063083472,18004.49607606725,3545
0,0,143,2982.304811642866,17359.81825959924,3386
0,0,144,3088.021365745247,19682.41561123996,3276
0,0,145,2868.863494766564,15721.37891683222,3263
0,0,146,2825.184017683112,16365.16491197079,3193
0,0,147,2724.75758098233,19146.14270051644,3015
0,0,148,2650.192616213072,15423.74672774404,2968
0,0,149,2624.199938978489,15313.01122863825,2912
0,0,150,2465.985994435689,13872.19682684107,2807
0,0,151,2530.422932956837,15857.32870271235,2780
0,0,152,2243.660752051136,13578.98563526269,2730
0,0,153,2279.959710954692,13141.95680035119,2622
0,0,154,2202.49114616253,11829.33540896455,2579
0,0,155,2170.165517936647,11780.99420266166,2552
0,0,156,2123.67757307867,11742.6683548924,2493
0,0,157,2166.01487191506,11995.74752344002,2437
0,0,158,2017.890404790118,10373.04480756754,2371
0,0,159,2086.055868025854,13796.35036293049,2257
0,0,160,2065.064740511722,12385.583902636,2319
0,0,161,1991.589130073195,11399.39165284538,2315
0,0,162,1882.883105437702,10321.52554446058,2240
0,0,163,1937.896563660832,11330.41176781574,2250
0,0,164,1860.914337253106,10619.79972932108,2203
0,0,165,1782.922542196746,12014.86554346101,2087
0,0,166,1755.771987312895,8876.635344049848,2117
0,0,167,1681.59322743387,8471.901021035961,2038
0,0,168,1752.366886248451,10671.89517367274,1976
0,0,169,1672.39786113345,9454.314016982467,1975
0,0,170,1734.35988403691,11044.00597053652,1920
0,0,171,1699.408744713225,10803.59229226184,1860
0,0,172,1578.722330795522,8837.587502366732,1845
0,0,173,1580.136554895782,9693.988392995712,1864
0,0,174,1484.864705396952,7234.61140582743,1798
0,0,175,1571.512005722584,9477.671303494735,1735
0,0,176,1627.584591110055,11841.62198702419,1736
0,0,177,1456.676437741664,8547.852967761757,1700
0,0,178,1446.406861593631,9244.214812939221,1657
0,0,179,1414.409585137919,8759.229571606498,1615
0,0,180,1406.044197281841,9153.671163534005,1550
0,0,181,1330.395028072373,9286.867683610981,1513
0,0,182,1318.267606997766,9397.180749519741,1530
0,0,183,1232.459541141436,8786.508478611669,1522
0,0,184,1269.954054034029,7912.634129904531,1542
0,0,185,1391.094151141835,9056.23498356559,1454
0,0,186,1439.556344589039,10438.20385392412,1475
0,0,187,1521.159326246556,12189.40869975667,1458
0,0,188,1252.981916319233,8715.620015864672,1451
0,0,189,1197.642206493756,6042.058710623144,1383
0,0,190,1223.638696956932,8208.546537793658,1387
0,0,191,1112.698312057336,7435.977839926576,1318
0,0,192,1118.797832446528,6786.934722819342,1283
0,0,193,984.7190104471234,4914.880657462671,1253
0,0,194,1079.681421467596,7140.816544857066,1282
0,0,195,1083.470849074988,5442.891952651531,1248
0,0,196,1048.399707369502,5682.346018237682,1273
0,0,197,1101.4705039564,6549.914176297078,1196
0,0,198,1116.788607855361,7513.147646447443,1206
0,0,199,1090.555042741992,7312.206846821578,1198
0,0,200,1097.611813573643,6820.405281756986,1172
0,0,201,1032.749941082726,6433.2418484429,1188
0,0,202,938.7360439431426,6186.489422527493,1137
0,0,203,961.2918197828126,6696.756499903462,1135
0,0,204,980.9054621624473,5968.839517885675,1107
0,0,205,972.9879214096488,6667.223374731912,1096
0,0,206,1089.508599806997,7630.982553144127,1078
0,0,207,893.4297462490603,5499.036372125492,1051
0,0,208,951.3290550596,6171.11995726873,1072
0,0,209,752.4097802376507,3565.591868367849,1059
0,0,210,756.2101216350566,4962.688036391203,1035
0,0,211,794.0337909245808,4122.738550596896,1005
0,0,212,845.1076065781652,5180.73947552567,1012
0,0,213,817.696442033065,4774.880480401762,1001
0,0,214,758.3913504586531,4582.027525896479,954
0,0,215,830.8026115183086,5673.830829039238,952
0,0,216,786.5019531527068,5113.813385476514,946
0,0,217,750.4880856428438,4435.990336314614,903
0,0,218,703.5718632062659,4334.846639525661,890
0,0,219,623.0911159526415,2995.262251106479,874
0,0,220,645.9230248626433,3967.966507452467,931
0,0,221,604.4083713655053,3697.290893676919,894
0,0,222,697.9474250893367,5595.939204516076,852
0,0,223,716.9476339255567,3694.155506170365,892
0,0,224,700.5637661686994,4615.383191130084,851
0,0,225,678.8786093401807,4127.662207441878,825
0,0,226,671.5324468854067,4187.693616981349,837
0,0,227,657.8292029043969,4224.459110749706,786
0,0,228,720.8404974409765,4898.351111814812,776
0,0,229,597.7716045448706,2920.702683566934,760
0,0,230,545.977904887362,2540.257994572185,740
0,0,231,550.4527254531985,3139.307192662979,740
0,0,232,640.1934496995658,3362.216454772094,777
0,0,233,688.198043114265,4214.971306559644,736
0,0,234,583.0866402042005,2744.450414114647,738
0,0,235,593.787422160011,3123.197289743293,704
0,0,236,579.0821882689214,3790.122077494146,691
0,0,237,712.7639280807836,5318.956151070926,765
0,0,238,568.2876721500111,6505.670637938356,676
0,0,239,490.4707251955127,3068.899713256221,692
0,0,240,471.385172075716,2061.549188714175,705
0,0,241,525.5831290316771,3321.695121502437,694
0,0,242,557.2594114921742,3317.669347857788,650
0,0,243,526.4104316328201,2802.815454900644,664
0,0,244,622.8203550723171,4381.780889616984,661
0,0,245,572.2883325708641,4747.371736401291,631
0,0,246,504.2175872838046,2552.26971232381,623
0,0,247,563.1291558819921,4758.885984507901,649
0,0,248,489.9550282218597,2370.969279904761,645
0,0,249,523.8400166717752,2807.14802485519,635
0,0,250,584.1784807191133,2907.519047178275,642
0,0,251,655.2560590245384,5485.033977506883,637
0,0,252,627.0743015573915,6055.448297653723,598
0,0,253,544.9489107799254,3219.138701149591,608
0,0,254,526.3659648643769,3549.511956839234,575
0,0,255,504.3395954089382,4226.618072116803,581
0,0,256,437.6106306151324,2406.993013547775,538
0,0,257,571.0201965901217,4262.143087003157,580
0,0,258,519.7815890534216,3335.631282064025,588
0,0,259,326.196732330512,1479.266098189459,545
0,0,260,430.6738090676928,4158.859967040519,541
0,0,261,433.7000758488024,2195.163058785854,624
0,0,262,449.8017121912461,2941.854024797381,606
0,0,263,409.9800460920708,2283.249139324781,522
0,0,264,473.9951792869068,4111.847950301639,530
0,0,265,406.5438836394995,1896.604417972836,497
0,0,266,458.7021964630305,2625.325395168835,517
0,0,267,445.2768294794594,3244.783435790368,505
0,0,268,437.0692121728025,2963.43534800186,488
0,0,269,490.3324444509902,3975.296899156759,507
0,0,270,350.196404629441,2592.726770354661,471
0,0,271,402.4449537779603,2267.79031240298,484
0,0,272,348.9384315768482,1877.519038651567,447
0,0,273,374.7726144408095,1928.954653732142,497
0,0,274,377.0225345122832,2804.21896856928,470
0,0,275,373.1550105966472,2556.753381123572,476
0,0,276,329.0936302838676,1578.852994916864,449
0,0,277,331.0653431244418,2245.925258846601,440
0,0,278,374.2958312502198,2758.209724231725,468
0,0,279,337.9900804264588,1662.91727369506,434
0,0,280,360.1193762798284,2586.917006025172,448
0,0,281,312.4016250080653,1370.531496758522,463
0,0,282,411.2286467969513,3305.013610696795,440
0,0,283,357.9739339927326,2514.228860442525,402
0,0,284,340.6386041619635,1843.795886723768,407
0,0,285,300.7020400618899,1363.451217478829,426
0,0,286,310.6331510583006,1947.398568678944,435
0,0,287,380.4210873549572,2235.512087328678,432
0,0,288,350.8038358213008,2486.626700056258,400
0,0,289,343.0124385208702,2150.670584995227,406
0,0,290,349.1536790361122,2354.853734676853,393
0,0,291,438.5135999938242,2826.570773222839,434
0,0,292,411.6701521474228,3541.784274182067,446
0,0,293,321.4119483463369,1509.492783984684,401
0,0,294,429.8046024189038,2623.644525027565,400
0,0,295,353.4276322323957,1926.009530824451,409
0,0,296,357.7722160110192,2763.663392735022,407
0,0,297,257.1929495992426,1101.712948273288,374
0,0,298,414.9928268356648,3053.373388118206,389
0,0,299,294.9647143510889,1418.958793933896,373
0,0,300,333.9102014781717,2959.686807857959,339
0,0,301,359.5896711433403,3088.988410357585,345
0,0,302,324.9617936889574,1727.218917184195,358
0,0,303,308.3194249551843,2890.936505368116,343
0,0,304,345.3974640735868,2759.949735877641,349
0,0,305,253.558203486267,1369.198196948354,320
0,0,306,242.5063244037965,1275.342958152738,322
0,0,307,212.7401765159297,931.3317506691886,318
0,0,308,228.8734690791201,978.0535292345393,311
0,0,309,272.4222617627976,2136.666574824335,317
0,0,310,203.3247412510435,947.5841813147886,329
0,0,311,199.4223301857992,1313.836410669454,316
0,0,312,191.7076691439335,829.942162801345,300
0,0,313,235.0068153813954,1209.991884163599,290
0,0,314,185.9379137672517,1055.735906700487,272
0,0,315,223.6117624537273,1069.174691118445,348
0,0,316,258.7595875972638,1990.000592786586,316
0,0,317,241.0911862544649,1191.058466633491,286
0,0,318,254.8614793321093,1290.398072675523,303
0,0,319,306.477221934996,2059.752217269881,342
0,0,320,404.8585067114155,3130.287515382241,324
0,0,321,286.3247417180863,1582.881083689654,309
0,0,322,219.1760979014175,1029.450490129936,319
0,0,323,218.2378090338752,1067.452297543251,315
0,0,324,229.6768190841173,1137.567497342071,323
0,0,325,237.8076312352393,1770.985003114196,280
0,0,326,211.7260208594259,1451.208426002642,298
0,0,327,224.5715684807216,1237.451293541437,293
0,0,328,210.5124953855121,1231.450954312324,274
0,0,329,297.4245991871518,2110.353256608235,294
0,0,330,158.2654981770143,575.7249207170837,288
0,0,331,195.5091366907668,892.4926741281569,255
0,0,332,257.6307139114334,1632.963019382799,298
0,0,333,241.4100456153538,1768.326547711629,278
0,0,334,257.5802658084925,1490.931496865555,303
0,0,335,167.7384464422887,610.7326453868196,280
0,0,336,180.1886983649945,929.1480007600858,266
0,0,337,219.1038929934914,1055.522273634687,268
0,0,338,205.838337030713,964.8538499895012,264
0,0,339,297.5529792559041,2833.216467187169,278
0,0,340,205.4320525904186,1023.421950989197,266
0,0,341,204.0538695827228,1395.246046954011,264
0,0,342,221.6179002411982,1652.802920273321,269
0,0,343,178.2844786993481,966.6713664235286,240
0,0,344,152.2845231456539,682.472506436799,225
0,0,345,173.1123949164402,2131.097974003887,241
0,0,346,200.7657145067503,1207.134398337021,242
0,0,347,206.2205930026832,1293.992792954046,249
0,0,348,208.13235277074,1317.949941620338,251
0,0,349,198.9239469033258,1351.991357733035,224
0,0,350,179.1803435864652,1862.947962453785,238
0,0,351,206.5952620429103,1082.573138991702,238
0,0,352,188.0122137464259,1165.197141139632,212
0,0,353,209.1723914734065,1297.44255597056,242
0,0,354,197.228941555807,977.1228353223498,236
0,0,355,200.5668094816705,1414.031330187849,242
0,0,356,178.9454656207477,887.5631242958946,233
0,0,357,215.0649598742164,1672.326171483657,232
0,0,358,159.6297740960887,680.680522508903,233
0,0,359,186.5083010068603,1248.832882862278,214
0,0,360,187.4879219917454,1078.310287408251,216
0,0,361,171.5195692539385,1133.669525136888,212
0,0,362,206.5744119586193,1553.5269270752,227
0,0,363,241.1967328271911,2165.519619563935,215
0,0,364,115.2081013406421,539.9155027640209,197
0,0,365,116.703296209765,540.0856683244941,210
0,0,366,153.9176182166419,791.7068486396273,191
0,0,367,172.3654329859882,1176.06214131854,213
0,0,368,146.8937044117313,1238.236797967139,188
0,0,369,177.4004172704652,1352.08713003139,199
0,0,370,223.4971938391693,2212.417729368508,213
0,0,371,207.5663262370979,1434.073587138781,221
0,0,372,127.6793929574637,449.3173346258836,214
0,0,373,152.6261852126289,549.2134210651391,191
0,0,374,229.1042062752254,2615.887647712964,199
0,0,375,143.9553401774916,573.2551614101003,174
0,0,376,116.5190393968281,566.949308648246,195
0,0,377,139.8528300385046,684.2585496711929,179
0,0,378,157.6219951904252,1378.449440987248,177
0,0,379,136.9869866192082,510.2219003858868,196
0,0,380,165.6012412715648,1479.709494861794,179
0,0,381,159.2651804388859,736.7345964371116,168
0,0,382,170.2284854225413,1115.586762274515,187
0,0,383,154.2021860877359,1082.907677568341,154
0,0,384,162.3253491588555,858.3357197222264,160
0,0,385,184.82077229579,1351.392822774832,174
0,0,386,131.3379132097479,485.9681753986712,176
0,0,387,174.9033691149964,1177.653146352085,172
0,0,388,139.7383742134262,749.8937224301494,152
0,0,389,94.99319654221607,382.322407962638,151
0,0,390,122.182275761977,572.6908976602576,161
0,0,391,148.8887309652538,833.5217364576819,157
0,0,392,177.5907960946831,1333.729674846019,162
0,0,393,156.6493900376148,1682.677048643574,155
0,0,394,136.753463944101,736.72654371165,170
0,0,395,134.2712930785491,896.8184658491404,170
0,0,396,145.2251276600416,990.6728334392905,158
0,0,397,119.2941763628587,762.7553277516942,136
0,0,398,112.367750985565,666.2713829720997,159
0,0,399,129.5927139473689,806.4883587957137,170
0,0,400,149.5720083108389,931.4759828511266,161
0,0,401,153.1953574416452,1209.925709641584,169
0,0,402,103.4497794997918,441.3577620958421,138
0,0,403,146.6064049188236,1556.207551088523,144
0,0,404,59.49848928618053,178.6740151048911,143
0,0,405,75.97307466343413,297.284256161261,141
0,0,406,90.60820589652265,424.1695382711717,134
0,0,407,95.19610872335382,442.4906919471052,128
0,0,408,126.7048237144231,816.5612270779197,139
0,0,409,68.73412412634872,263.9094389587512,137
0,0,410,59.66095011168458,279.0277839896839,125
0,0,411,97.24802155491714,690.1159412674866,119
0,0,412,67.23350565995025,272.8458417874143,123
0,0,413,129.3502645301913,1027.3553096608,129
0,0,414,172.0727832063269,1281.627933096803,143
0,0,415,116.271415858781,631.6022668823996,131
0,0,416,109.644271657377,593.7056272920421,133
0,0,417,142.9504544999137,1000.102683059506,117
0,0,418,65.81405984403182,251.5823738967262,117
0,0,419,71.53064920108599,906.3824877227289,117
0,0,420,75.85783858158128,344.6185052058149,98
0,0,421,94.23472242703853,686.3377584493957,106
0,0,422,109.9754293152588,645.1170465142563,124
0,0,423,128.0980573100263,887.8685702948305,117
0,0,424,117.8544516236623,878.1351293634726,120
0,0,425,85.32454455188271,361.2247448229243,118
0,0,426,145.1840003637483,1531.888378090432,113
0,0,427,83.80577583254538,389.7186038932725,103
0,0,428,59.36904967243194,133.1617928227568,108
0,0,429,116.1922925160911,931.0863117392464,114
0,0,430,87.93369597325331,397.4307490128199,96
0,0,431,77.63455812919027,258.1140066511611,112
0,0,432,118.1554630595628,912.4819851601317,104
0,0,433,90.36844345533665,411.9966432438413,110
0,0,434,80.20229108011041,418.1714983466737,117
0,0,435,132.9841226229939,1277.764984400957,127
0,0,436,89.90366800520695,459.9765165186711,122
0,0,437,94.60627123205271,456.9772017511461,114
0,0,438,84.59796196060832,427.1799066477058,106
0,0,439,95.04470826945918,599.3301414643407,104
0,0,440,74.47451754833412,240.5537360852032,108
0,0,441,98.37398926749962,685.0395266963747,103
0,0,442,77.85514514012169,360.8226574962661,105
0,0,443,64.47052640606042,308.2574384980973,94
0,0,444,87.90881648654192,512.0483042711526,98
0,0,445,52.42022751831554,268.6811630126363,86
0,0,446,55.78190931144346,248.2335743269067,110
0,0,447,94.33590475086494,999.4209466969054,106
0,0,448,76.94851316903488,315.2606183357843,87
0,0,449,105.6294460927564,1138.253228960431,101
0,0,450,115.1170957418746,2044.568397404769,74
0,0,451,111.8113677781779,1106.908440437954,87
0,0,452,61.05231129954832,281.2424335246012,81
0,0,453,52.66319201916446,172.6374882410195,78
0,0,454,55.43653155761115,191.4418223129241,87
0,0,455,72.08863212605488,295.780219768463,72
0,0,456,93.42403906801367,583.5139713104553,89
0,0,457,82.02487712461317,365.6748308642117,89
0,0,458,99.26173714460873,719.9071883453452,89
0,0,459,90.6636667967762,474.232303021895,87
0,0,460,89.88970519903071,500.4835015374775,102
0,0,461,71.83622947044381,302.9693764989486,91
0,0,462,71.52207642001356,297.7007061153003,82
0,0,463,67.85955214716114,369.5895080109194,91
0,0,464,60.55578909700496,283.8367570025225,89
0,0,465,146.8869022394603,1985.55360100495,89
0,0,466,68.91044374060782,310.5715730301869,92
0,0,467,62.85285904014193,458.9625348457399,78
0,0,468,53.30455579242224,168.5525920605158,99
0,0,469,107.6472514773854,1751.945749466495,95
0,0,470,84.90466365000775,466.9719671402335,95
0,0,471,108.6251813038865,869.9381174489664,84
0,0,472,127.6344641146996,1236.087030929702,92
0,0,473,42.88517959392338,133.4655007807627,82
0,0,474,48.29865133416285,184.8096915522343,77
0,0,475,87.92495250857854,503.3622000116661,73
0,0,476,65.95581333621968,511.7322608728193,69
0,0,477,44.40432642501074,238.8602891965563,72
0,0,478,67.8458195687506,413.1902399806189,70
0,0,479,68.83342538360239,404.5165103569323,76
0,0,480,80.14663373204709,588.7587989813431,76
0,0,481,66.11924164702366,414.5059027801802,62
0,0,482,70.81517332774813,1440.145854154284,63
0,0,483,62.89529024377669,426.6698398664475,64
0,0,484,71.2980903116003,534.6892708964572,68
0,0,485,26.37456237812732,109.403813176384,61
0,0,486,34.6992123946366,208.8187597483056,59
0,0,487,44.86480449977777,163.2872045131654,71
0,0,488,45.63458535486242,283.0619667748679,60
0,0,489,28.4284246192723,99.71805478136619,51
0,0,490,61.16776201835519,490.3830235461669,68
0,0,491,77.68971856232078,796.5557865946226,51
0,0,492,48.02766206645997,239.7868479719159,59
0,0,493,42.22668940620783,155.2406834151289,49
0,0,494,70.07476837261797,480.5039672590431,62
0,0,495,35.61175745771949,118.508926214235,49
0,0,496,37.72930525607057,137.7509538359127,50
0,0,497,44.56183615960154,199.8230086640114,52
0,0,498,66.25739909501947,1021.464422070503,56
0,0,499,56.59205814979456,257.1548843718048,58
