# mesh name: boxMesh_1
# primitive scorer name: doseScorer
# iX, iY, iZ, total(value) [MeV], total(val^2), entry
0,0,0,6533205.1250015,8005626.92746359,10000000
0,0,1,6604909.518139782,8584394.757909684,9998414
0,0,2,6654259.841754726,9035200.277836144,9994865
0,0,3,6687338.92061267,8942084.220050167,9990347
0,0,4,6725444.999862613,9240303.837791976,9985103
0,0,5,6760673.867025362,9356853.978427101,9979239
0,0,6,6790899.592833605,9445294.809034057,9972730
0,0,7,6819305.845570603,9529718.596631067,9965622
0,0,8,6847459.538794436,9643087.373766987,9957882
0,0,9,6874541.718077721,9767453.018103192,9949733
0,0,10,6897125.221338225,9732271.922835615,9940994
0,0,11,6919467.481144348,9759075.049950033,9931828
0,0,12,6944198.566850117,9857246.662870253,9922151
0,0,13,6967229.156828055,9802828.864548951,9912490
0,0,14,6990055.115089999,9870988.982057581,9902191
0,0,15,7018080.10289143,10090884.86033417,9891338
0,0,16,7038043.923378363,9963040.685154863,9880360
0,0,17,7060810.915976423,10077273.90017145,9869002
0,0,18,7086280.830524379,10205405.94443996,9857122
0,0,19,7110146.935340226,10285146.06728418,9845021
0,0,20,7124497.626251609,10108447.0560286,9832549
0,0,21,7151782.1146289,10357503.73699203,9819813
0,0,22,7167078.91124347,10163313.1352685,9806549
0,0,23,7192271.417187372,10392343.6305868,9793266
0,0,24,7215402.935528529,10477191.25902896,9779848
0,0,25,7233794.293858364,10338092.63923471,9765947
0,0,26,7258978.063711599,10393472.33359622,9751608
0,0,27,7284189.34872425,10527749.16214389,9737261
0,0,28,7306169.332242606,10510792.30262716,9722476
0,0,29,7327980.503041783,10519039.58240861,9707710
0,0,30,7349916.200757718,10521166.5065217,9692386
0,0,31,7374751.807066904,10654591.90988597,9676858
0,0,32,7399279.994230828,10742015.97624422,9661292
0,0,33,7419291.016370207,10662037.31037248,9645309
0,0,34,7445866.051494177,10740374.27372088,9628821
0,0,35,7469158.7968175,10838889.39379854,9612295
0,0,36,7489473.583093074,10713847.85073899,9595707
0,0,37,7513777.764076553,10727855.47839924,9578863
0,0,38,7539874.590963241,10852137.71288176,9561774
0,0,39,7562539.565821443,10863483.25248715,9544347
0,0,40,7588484.090747236,10861772.19172649,9526689
0,0,41,7612983.291212264,10928191.26485014,9508831
0,0,42,7638019.397702449,10980940.36155661,9490870
0,0,43,7665699.550634263,11089072.89107186,9472759
0,0,44,7691831.771864299,11140144.28635524,9454241
0,0,45,7716564.301768383,11102139.27568746,9435328
0,0,46,7745841.687179836,11192869.92479146,9416561
0,0,47,7769896.16732768,11198537.88066196,9397676
0,0,48,7796033.629861316,11166915.69157382,9378783
0,0,49,7826835.218883985,11300616.03992242,9359504
0,0,50,7856706.457585272,11360682.45732856,9340214
0,0,51,7882250.700098366,11389984.79714658,9320258
0,0,52,7911134.49088604,11400855.29313863,9300451
0,0,53,7940798.003291082,11522170.35256495,9280435
0,0,54,7972613.489901818,11572052.45266723,9260165
0,0,55,8003460.810194634,11560461.6732516,9239691
0,0,56,8038364.852470884,11715953.90675796,9219392
0,0,57,8068788.575574711,11762460.99921219,9198456
0,0,58,8101320.846184202,11793528.13861322,9177415
0,0,59,8138217.819068343,11951775.6945978,9156058
0,0,60,8170678.054494713,12013116.47585478,9134547
0,0,61,8206289.963348649,12063121.11115555,9112998
0,0,62,8241862.199990046,12123333.78079566,9091083
0,0,63,8273365.543532565,12116591.10402491,9069015
0,0,64,8298136.295607949,12146221.09062528,9047028
0,0,65,8306826.549805197,12205671.3810813,9024598
0,0,66,8299409.325491616,12209810.92352677,9002215
0,0,67,8311124.302087559,12236495.24227978,8979507
0,0,68,8348941.378022671,12341910.85737607,8956616
0,0,69,8398971.998689421,12403932.87973827,8933346
0,0,70,8457303.568401147,12484581.91156711,8909972
0,0,71,8519094.326414192,12625197.14593218,8886552
0,0,72,8583451.881045664,12814088.3955447,8862602
0,0,73,8647932.597075842,12875497.85966731,8838546
0,0,74,8719057.6861357,13054894.04331454,8814569
0,0,75,8790475.250073796,13206413.56963185,8790306
0,0,76,8861224.460164303,13287355.23962005,8765675
0,0,77,8938350.234126944,13540990.28966578,8740973
0,0,78,9012894.70340994,13750689.74805612,8716007
0,0,79,9082557.263782907,13890330.9534354,8690450
0,0,80,9150534.269072965,14015597.20255161,8664862
0,0,81,9213583.731620362,14146838.67748556,8638938
0,0,82,9275199.26304451,14313448.30425834,8613338
0,0,83,9332803.469852196,14496843.16214251,8586894
0,0,84,9388223.067714887,14640177.88265746,8560298
0,0,85,9443212.313323887,14698695.38228839,8533554
0,0,86,9507443.311020862,14937506.91007008,8506251
0,0,87,9573447.361888176,15090278.73378001,8479262
0,0,88,9647977.818464106,15301983.36324969,8451710
0,0,89,9731168.356021024,15450602.91734534,8424063
0,0,90,9829789.954728065,15759722.88679218,8396209
0,0,91,9937887.241757471,16132579.57157317,8367825
0,0,92,10054750.43407913,16364762.49269048,8339507
0,0,93,10187572.93211947,16844399.065031,8310190
0,0,94,10326295.88285517,17172678.25228954,8280446
0,0,95,10478824.85899647,17611083.57307166,8250520
0,0,96,10636100.2147939,18050987.15522039,8220187
0,0,97,10801275.66119388,18586899.25525652,8189297
0,0,98,10971076.96707662,19132935.20620817,8157800
0,0,99,11135401.14293022,19591554.60501356,8125951
0,0,100,11304233.24532534,20114777.70695639,8093770
0,0,101,11477939.47776448,20689838.72644463,8060947
0,0,102,11666430.76102401,21299700.91336448,8027685
0,0,103,11885526.22026458,22132241.36933985,7993890
0,0,104,12133688.13968807,23117022.0280658,7959360
0,0,105,12420034.92798163,24297629.90792342,7924322
0,0,106,12736716.67006023,25430112.27425458,7888420
0,0,107,13090106.1612319,26796320.40852331,7851150
0,0,108,13464318.13373777,28112954.44325572,7812728
0,0,109,13871269.82962914,29573480.90311676,7772950
0,0,110,14318438.52420823,31125899.8219001,7732314
0,0,111,14846739.13610651,33257246.53858892,7690720
0,0,112,15480628.82040809,35954272.6101151,7647390
0,0,113,16243861.15187326,39394005.85369117,7601940
0,0,114,17179115.59172318,44033292.14663384,7552951
0,0,115,18333211.67465406,50211109.04970041,7498235
0,0,116,19827969.9419094,59050513.25902458,7434982
0,0,117,21877974.05380921,72910096.49691857,7354497
0,0,118,24802146.58613848,96277756.52625677,7235110
0,0,119,28564193.73482183,133317901.9914185,6994800
0,0,120,31028947.72559441,170880721.8060059,6394516
0,0,121,27639574.30506305,169119537.0341647,5072090
0,0,122,17451931.51043318,111561760.8372065,3086093
0,0,123,6959196.698687302,44317570.29381768,1271421
0,0,124,1609696.043575736,9879134.977289585,320349
0,0,125,207048.0529855659,1194664.675074347,50057
0,0,126,18945.5534376462,103625.1568454325,9718
0,0,127,6051.946940617132,32212.24827724175,6567
0,0,128,5569.960195730559,32521.87424072649,6237
0,0,129,5223.547319222562,29777.01086690429,6033
0,0,130,5291.673949583796,31582.38831865166,5797
0,0,131,4887.199198685851,28385.56336398987,5623
0,0,132,4558.407441917587,25032.05828605865,5352
0,0,133,4513.400073124572,27169.45046864856,5265
0,0,134,4648.566842324894,28253.46091685493,5175
0,0,135,4475.813573750082,28694.1111884063,4977
0,0,136,4155.32137696709,23329.97613603438,4758
0,0,137,4186.287085091838,23873.51317866863,4664
0,0,138,4190.659469012541,23678.19913016514,4607
0,0,139,4269.307831204219,25920.13725715428,4412
0,0,140,4001.922834717591,21900.15248365232,4360
0,0,141,4013.633590488263,23956.16432453548,4273
0,0,142,3935.11023462991,24799.19599837455,4141
0,0,143,3607.376212846085,21185.92588689769,4108
0,0,144,3509.449162779233,21287.05578385628,4011
0,0,145,3511.429475883735,19852.4565911753,3934
0,0,146,3198.120161982087,18963.03133615999,3651
0,0,147,3166.745678766083,19031.0861248566,3591
0,0,148,3126.257715011548,18557.71124042175,3641
0,0,149,2968.730952700244,17352.81950409623,3504
0,0,150,3001.087367845414,16689.71589288145,3526
0,0,151,2937.828732410919,17868.2895672887,3463
0,0,152,2876.416345404681,19047.96398810344,3306
0,0,153,2770.607193721993,14355.92910445323,3306
0,0,154,2747.496339998462,15847.78204533261,3224
0,0,155,2673.033653342351,15000.95260547423,3120
0,0,156,2940.255250548942,19906.94599349872,3027
0,0,157,2465.844348863166,12788.49921844039,2972
0,0,158,2509.550769170809,15251.93022033249,2936
0,0,159,2515.494458132399,16734.23098822567,2885
0,0,160,2578.793215396435,17088.29451606801,2886
0,0,161,2490.901269442405,14299.98484700144,2769
0,0,162,2314.142963715004,13014.68097308518,2667
0,0,163,2470.299439963705,15404.94398771825,2660
0,0,164,2643.532734700507,18839.72912053837,2585
0,0,165,2296.32527387033,15250.79846228869,2454
0,0,166,2360.897912289447,17676.17179629372,2473
0,0,167,2112.41016742874,13698.19237348281,2449
0,0,168,2152.416822818331,13909.69159604377,2433
0,0,169,2211.073182990857,12892.95511075208,2366
0,0,170,2137.598254961641,15211.9982272475,2235
0,0,171,2181.818833173454,13674.36102329676,2252
0,0,172,2070.679852111909,12551.87832010151,2180
0,0,173,1798.09412106768,11581.80951279083,2115
0,0,174,1878.400115156491,11261.29110296801,2131
0,0,175,1969.478166308492,15114.72010048219,2083
0,0,176,1750.951578436878,10029.79140554689,2001
0,0,177,2052.198215220788,14200.61039174738,2052
0,0,178,2015.424131061412,14229.91014618628,1987
0,0,179,1882.641874795392,11659.60076399114,1911
0,0,180,1763.025788209246,10735.23443799438,1868
0,0,181,1494.16605886202,8208.924808776599,1813
0,0,182,1559.951440368293,8513.341661286902,1809
0,0,183,1693.169387198142,11716.14735375301,1853
0,0,184,1539.781602110967,9006.849038305443,1817
0,0,185,1502.629152803395,11517.69703171617,1687
0,0,186,1648.98499085266,10819.85252735291,1752
0,0,187,1543.263580922602,11176.76258534508,1754
0,0,188,1553.539462099318,8845.584638478564,1658
0,0,189,1464.50029758849,11375.51272100301,1622
0,0,190,1469.77304461984,8838.507569891915,1635
0,0,191,1355.674299209621,7550.857323668599,1581
0,0,192,1317.947202542452,8545.241508849826,1561
0,0,193,1357.748005150359,7883.856363449503,1558
0,0,194,1329.843042975877,8520.224906194937,1474
0,0,195,1222.665742591152,8300.879690451235,1448
0,0,196,1163.196403306044,7700.507406848649,1506
0,0,197,1179.719492331818,6131.657418769661,1415
0,0,198,1220.529255381801,9507.055893166025,1383
0,0,199,1181.983128586706,7235.38593067248,1422
0,0,200,1117.846240596782,6048.93127867602,1394
0,0,201,1056.228034178929,5136.294154130888,1322
0,0,202,1178.104470779519,7457.642802803693,1368
0,0,203,1145.234817313859,8261.79662047599,1352
0,0,204,1195.987300229174,7083.744079763421,1295
0,0,205,1154.311676378035,6780.696197637485,1315
0,0,206,1139.427477076604,6463.175026725066,1297
0,0,207,1285.222192225242,8673.868480537672,1324
0,0,208,1130.729877686151,7820.650131130572,1254
0,0,209,1129.130525835634,7713.407889673794,1196
0,0,210,1062.938166274656,6244.997107072627,1222
0,0,211,972.4485429156028,5190.674588971488,1230
0,0,212,944.5004627485454,7588.324845302401,1077
0,0,213,983.6306309586099,5512.107019980832,1163
0,0,214,973.3253150836657,6144.803399502918,1131
0,0,215,891.3659923363696,4559.820319476088,1068
0,0,216,970.9185341006458,6540.528447167076,1077
0,0,217,914.1152678701765,6294.365012610952,1059
0,0,218,908.2492306488651,5732.985098710166,1075
0,0,219,860.2509645753644,5223.472889457716,1052
0,0,220,790.5758714254615,4091.267799375347,996
0,0,221,876.7993965898714,5917.839418863899,1026
0,0,222,849.8113939164999,4784.455613560983,1035
0,0,223,890.642846959322,5343.465491781855,1008
0,0,224,865.3007654667816,4867.981669055745,1049
0,0,225,915.3036783646334,6075.440191816853,1002
0,0,226,861.0900005001706,5514.218618817964,979
0,0,227,711.2194873701571,3308.048220658292,974
0,0,228,738.3422044925694,3826.314099354762,941
0,0,229,712.2543378252599,3791.010344545858,916
0,0,230,809.6879133032724,5411.156768869129,945
0,0,231,773.3418067171732,5391.450068684677,926
0,0,232,681.3830253849012,4131.121710812238,927
0,0,233,744.5722190295708,5235.119162095065,896
0,0,234,724.7310541253255,4086.37011335321,856
0,0,235,765.0113830417732,4174.320585396201,873
0,0,236,755.6231149290828,4638.025138887798,910
0,0,237,661.1330387844836,4203.448609373378,854
0,0,238,640.1166973499403,3778.188982374581,832
0,0,239,705.5813564433525,4648.701724801015,821
0,0,240,688.8250814788211,4193.954750679442,845
0,0,241,665.3600143586258,3570.123052021059,869
0,0,242,651.1225201740868,4331.527497954794,829
0,0,243,557.5848858167109,3145.180665250282,823
0,0,244,697.3920930496353,5281.31360896576,838
0,0,245,590.4343956792699,2756.360749773697,813
0,0,246,554.457602069777,2569.95712070632,812
0,0,247,603.1390805438109,4080.150457640393,816
0,0,248,590.9583373747786,3594.102419349297,752
0,0,249,616.770748665986,4658.965108041735,732
0,0,250,634.300980733432,4765.836852048612,777
0,0,251,588.70476851733,4313.546956862853,731
0,0,252,541.9000467834295,3275.799455460192,732
0,0,253,550.7126218009034,3409.254711999434,726
0,0,254,546.5402547920908,3338.905987743511,687
0,0,255,571.9280237207581,4087.969474334049,690
0,0,256,522.9165028966494,2425.162757948523,708
0,0,257,587.3629335930016,4685.182542973987,674
0,0,258,535.0967805114277,3281.747181120231,659
0,0,259,511.5279253738922,2374.320465054273,694
0,0,260,546.6393536471993,2865.276122905502,695
0,0,261,522.0219536732678,2495.364846412283,685
0,0,262,510.89687321707,2893.369426619995,638
0,0,263,537.1501838460533,2710.725974959125,629
0,0,264,538.4880302928606,3518.955779469986,620
0,0,265,488.4353634086883,2929.860291409888,612
0,0,266,592.6123957219885,4610.559286863621,653
0,0,267,594.5229849430716,4033.020954823958,606
0,0,268,545.1173438083224,3376.15082350274,590
0,0,269,534.3922318301125,2678.749904197015,623
0,0,270,508.6766096390309,2534.735896358862,627
0,0,271,416.1619598444285,1820.091827560649,597
0,0,272,439.35800752105,2345.890354082644,544
0,0,273,548.3913984474757,4370.201149639498,600
0,0,274,473.8221309029946,2302.467569640464,595
0,0,275,473.4275337026132,2299.490792893804,550
0,0,276,535.2357446468299,2772.948497040662,564
0,0,277,519.9361700820635,2824.86857389714,583
0,0,278,557.0553706418162,3879.654546506637,572
0,0,279,501.0925673307631,5103.744642719506,571
0,0,280,483.3137479872441,2542.518784400319,587
0,0,281,421.4872818788896,2479.569176342404,514
0,0,282,487.3792583463928,3221.750530877257,529
0,0,283,450.9105899267764,2428.492813201641,524
0,0,284,379.9069908295756,1630.152214210383,522
0,0,285,398.3899361912801,2338.348617321727,490
0,0,286,465.0594909177424,2628.967989445205,501
0,0,287,443.1188848830508,2862.134439550809,483
0,0,288,406.2485079525514,1853.107683594569,500
0,0,289,489.6832222861507,3174.369973151891,486
0,0,290,414.471440252968,2222.941063050089,473
0,0,291,437.6032225255822,2446.282392907439,479
0,0,292,414.2181056334952,2175.456144976248,480
0,0,293,402.5558717667797,2847.366459411797,478
0,0,294,319.4210222232965,1396.665675655448,456
0,0,295,369.5925012372002,2509.244365086438,455
0,0,296,346.8531388116843,1821.854583802301,438
0,0,297,369.1807053878614,1916.702730298081,463
0,0,298,309.0942469820975,1460.286616277187,412
0,0,299,313.0074922811092,1336.564532768627,440
0,0,300,356.0403238965541,1853.312055528174,451
0,0,301,353.4894302284517,2366.518339004704,419
0,0,302,342.9128114277909,2020.876276416638,422
0,0,303,258.0840103693346,1211.346771652418,399
0,0,304,294.2483586405856,1643.539289929491,376
0,0,305,272.9575327732182,1139.862626545584,366
0,0,306,398.2064036872185,2541.941062424925,408
0,0,307,367.5413448870505,2077.118935218961,401
0,0,308,357.9312617829878,2150.988723766335,378
0,0,309,317.2437057845023,1972.921751265754,379
0,0,310,305.7939856510934,1944.984851395919,363
0,0,311,288.8657327377668,1676.576601573287,382
0,0,312,272.9554138955489,1242.37412232623,348
0,0,313,380.2884746505736,2561.520162818334,384
0,0,314,374.7512800224078,2819.152119914745,373
0,0,315,259.7220578884392,1215.881049496247,354
0,0,316,261.7313154911662,1519.796602629218,357
0,0,317,307.3098504518012,1903.652980143789,344
0,0,318,222.4405938017636,964.966126415644,319
0,0,319,229.3690117244944,945.532243391553,334
0,0,320,274.0306277623493,1757.453189495217,348
0,0,321,238.69488447579,1174.69177871271,333
0,0,322,221.9480919444318,1087.228884848892,342
0,0,323,291.0709862496644,1574.866721592506,317
0,0,324,284.6098472714975,2961.984972802187,334
0,0,325,256.9868739152176,1376.195197254462,303
0,0,326,272.4676677127975,1554.012272808871,329
0,0,327,181.5660487803835,751.7593877017885,317
0,0,328,201.1963157061425,918.076534234795,325
0,0,329,251.4550587831912,1707.31146931899,317
0,0,330,230.7573972182277,1137.214818962875,289
0,0,331,215.4968223940212,1201.752460409178,305
0,0,332,263.7534342773138,2123.353454685115,315
0,0,333,164.849314385954,577.7892810081855,321
0,0,334,181.0164851579677,724.3843349175588,308
0,0,335,205.5066617547691,975.609783337959,306
0,0,336,217.06655877174,1516.139339879906,319
0,0,337,281.028042484018,3652.676964803288,301
0,0,338,222.2455696918423,1136.88659089299,319
0,0,339,274.9255712261489,2264.625869444647,316
0,0,340,215.056809703868,1081.471293451063,302
0,0,341,280.6218268877093,1886.527311869444,290
0,0,342,236.8524244073704,1740.176490927557,297
0,0,343,210.4066046956986,1205.040112462506,281
0,0,344,222.9885573698463,1275.079986188062,272
0,0,345,322.0853980721732,3400.698245459309,290
0,0,346,293.3386795664856,1820.116921274247,302
0,0,347,254.8828150130499,1523.251216473753,294
0,0,348,282.6390453304409,2005.005091222883,260
0,0,349,290.0742199980489,2576.816689668347,276
0,0,350,255.9671880847408,1694.352467639692,258
0,0,351,221.8582694232356,1526.543750281103,270
0,0,352,221.1904410879957,1053.546161382593,248
0,0,353,211.9396657095752,1086.790035728523,284
0,0,354,199.2973089958643,930.4938728326877,268
0,0,355,170.6210792061996,693.7259288514351,267
0,0,356,174.1286671169177,1037.598963158882,228
0,0,357,157.9791440510493,841.8082024945683,246
0,0,358,261.0637019884761,2108.670989070787,254
0,0,359,218.2084084414371,1877.398085375672,245
0,0,360,162.4500297005976,1197.397271357966,239
0,0,361,147.8602360650121,1094.887030779739,227
0,0,362,181.8959726747933,1699.000032990167,210
0,0,363,179.1227525747721,1165.190149438835,227
0,0,364,151.4428283244877,706.8265954385266,228
0,0,365,143.4997744657166,865.8442690888129,213
0,0,366,143.4168831483846,674.8349551047742,227
0,0,367,189.6067492266625,3184.093631188621,221
0,0,368,211.7916684881789,1545.412981329339,229
0,0,369,166.9394399758374,1183.137931835001,225
0,0,370,208.2610916830803,1408.893776813627,234
0,0,371,199.7797746542647,1390.431998742057,217
0,0,372,203.7714813457553,1788.616170220437,235
0,0,373,157.893687107623,876.5865951457644,237
0,0,374,180.9073803218974,1252.362937453499,223
0,0,375,133.938270808898,655.2314772281341,238
0,0,376,111.7769339487351,677.2897896105649,209
0,0,377,131.283700993419,548.3617684136168,207
0,0,378,148.3969864828208,698.3983719202788,216
0,0,379,182.3815782821747,1388.908024889683,242
0,0,380,202.5446900615612,1849.395369169887,222
0,0,381,126.6781467820183,714.787711486718,209
0,0,382,223.2111941978415,2399.752141379074,212
0,0,383,184.1819779524374,1151.730312270954,208
0,0,384,236.1824028552968,1982.325947599186,207
0,0,385,200.9171577189841,1304.258104185118,220
0,0,386,171.7623767836623,928.4165446168637,212
0,0,387,165.1034822912682,878.0191391332951,194
0,0,388,167.5527945679181,1328.043155733727,190
0,0,389,158.170148032076,995.5867714789459,186
0,0,390,159.0585247434809,984.521296620983,175
0,0,391,149.3028419063243,748.9358580807381,184
0,0,392,172.3310286889072,926.5278203667044,164
0,0,393,181.2187852373975,1154.427831664257,173
0,0,394,112.6074801705127,544.2282526919626,166
0,0,395,131.1811612503813,773.9731611258825,188
0,0,396,156.1660597404188,1219.074985515038,192
0,0,397,127.9464573514058,978.8633454869101,188
0,0,398,188.5751290813548,3529.87067666647,178
0,0,399,90.96885028276985,342.3689997394288,174
0,0,400,125.6701249517473,1002.240624453761,168
0,0,401,126.0214708851308,1217.113562631097,163
0,0,402,129.9049580954295,934.425044978095,143
0,0,403,110.6202899402865,497.6522371799505,170
0,0,404,126.7935458480869,910.1125017324601,175
0,0,405,114.7737448985045,378.4722066409232,170
0,0,406,145.9532031153755,963.7789037156533,183
0,0,407,175.8906229219461,939.0878748971016,166
0,0,408,180.539727924356,1546.450500216258,153
0,0,409,133.4614594761997,688.9033244896607,150
0,0,410,178.1890793633813,1205.696303995272,127
0,0,411,153.1109863520917,838.6983924764689,148
0,0,412,126.0737266203492,645.4928012470822,140
0,0,413,158.6441213737961,1018.884629538619,143
0,0,414,121.9114149212807,628.9299128289293,134
0,0,415,138.1463619955605,761.9050842646957,140
0,0,416,146.275855930117,867.0271085701752,153
0,0,417,120.3070100928162,465.3411035723776,143
0,0,418,102.0969503747722,437.2692888775823,140
0,0,419,96.82354925792578,326.2750662059915,145
0,0,420,110.2518111891633,449.3611294340288,150
0,0,421,171.5050252165593,1013.066598309214,157
0,0,422,217.8523525147201,2082.300703144642,145
0,0,423,165.042178785237,1253.977186260734,145
0,0,424,147.0397553268503,1103.618559259777,144
0,0,425,139.2372829224831,919.6260531489604,134
0,0,426,129.0257059855843,827.7542216870361,120
0,0,427,84.59914659992754,571.1941101520048,152
0,0,428,95.31194150559578,445.4266958585829,140
0,0,429,94.59702680324362,471.7655601369597,125
0,0,430,83.69845449785211,363.2366624433362,126
0,0,431,37.33386588714583,62.67122838667785,111
0,0,432,84.46195829287527,496.9751197577188,128
0,0,433,82.33329924743109,395.2219129835694,133
0,0,434,119.0333555573854,1218.293975101019,124
0,0,435,73.48920267376916,254.9742675965776,129
0,0,436,66.75796576464909,239.8836940317194,132
0,0,437,87.25981321691921,472.9422387413172,123
0,0,438,113.6616174070927,767.5343341678556,117
0,0,439,83.49174268404697,387.686665721132,125
0,0,440,88.90132789396719,371.7358647601007,133
0,0,441,122.2159151559047,978.9657091279088,114
0,0,442,84.6735447111177,416.4304191263718,124
0,0,443,119.4760565143876,1127.006358153678,134
0,0,444,102.6648976946371,633.2123975895695,125
0,0,445,86.35441668607642,284.4083868423451,130
0,0,446,93.07821402862776,442.2608239105061,128
0,0,447,65.05573391441409,224.4595229081041,100
0,0,448,115.0003550076989,719.1069658661081,99
0,0,449,91.15183626113217,474.2097115942398,106
0,0,450,75.52589279935837,332.5211393449563,106
0,0,451,82.68972425487966,357.4177398811963,113
0,0,452,100.0596942883346,696.5768148952651,102
0,0,453,64.6071665141129,214.9387433751669,109
0,0,454,92.18976034775153,649.4875472224466,109
0,0,455,43.61253663130744,106.3246597969232,106
0,0,456,61.84366034605768,224.4039123182888,108
0,0,457,91.2519231669563,531.9140428094324,96
0,0,458,48.38080127024664,232.826986934842,85
0,0,459,93.93650897010178,808.0165225858948,88
0,0,460,77.12179601438179,482.9029387574796,96
0,0,461,68.2686954191573,284.067451634473,100
0,0,462,35.74485224837776,61.79327520805547,92
0,0,463,84.33967541425885,1166.762374651127,97
0,0,464,64.96444409415957,306.7756148653485,91
0,0,465,53.64403853680555,165.2833733018324,78
0,0,466,65.17666191035913,277.4724298365048,92
0,0,467,78.93175220828294,757.326533611573,79
0,0,468,79.47698365190956,592.3566485948377,95
0,0,469,48.2141976112751,136.7952683788463,89
0,0,470,60.0052305938016,226.7629275683752,74
0,0,471,129.1993771344173,2216.463269538749,83
0,0,472,86.56055338923342,746.1143435877188,75
0,0,473,73.38593503184615,460.401527204691,78
0,0,474,106.8117409865074,985.1572727137936,78
0,0,475,86.98938378139491,345.9490944849763,88
0,0,476,89.52299807025872,543.4781471426163,81
0,0,477,144.5373652986199,2284.979647201008,85
0,0,478,91.43604819979186,674.9970042995569,69
0,0,479,131.478463303707,1652.67775350458,75
0,0,480,85.73471511986695,639.0361463183667,77
0,0,481,78.18554634185327,346.8513508469118,83
0,0,482,86.27298048679678,650.8678586667792,75
0,0,483,53.49440476010594,222.633024682928,71
0,0,484,54.20744023554278,182.8319050979137,69
0,0,485,74.93340759987804,347.7144179558997,75
0,0,486,82.23259205747601,483.5787402686327,76
0,0,487,97.66932869957833,982.5239838192728,78
0,0,488,64.43347463390381,345.3533336903012,62
0,0,489,63.89721163067893,457.7736345415133,60
0,0,490,83.22457005495555,537.3558911750084,61
0,0,491,71.01372336055039,419.5790836885716,58
0,0,492,86.08583048723034,632.350441068394,52
0,0,493,68.4666842148105,575.788713432985,55
0,0,494,54.40904465712499,429.7019321540752,52
0,0,495,45.92623099392608,238.7103113895759,39
0,0,496,45.75842638339141,245.6849545951304,47
0,0,497,36.47532091835258,181.5197745196608,46
0,0,498,46.13637673703823,391.2528843791246,52
0,0,499,90.23825894465227,830.4299284310852,50
