# mesh name: boxMesh_1
# primitive scorer name: doseScorer
# iX, iY, iZ, total(value) [MeV], total(val^2), entry
0,0,0,8210371.347911714,10126587.25774972,10000000
0,0,1,8302239.840167539,10718851.9965547,9997709
0,0,2,8373763.415122211,11007933.04384217,9992890
0,0,3,8443662.822773935,11332016.06376766,9986801
0,0,4,8509346.642927554,11611170.28209245,9979615
0,0,5,8573607.287652325,11904952.00761988,9971477
0,0,6,8631754.475725442,11924567.58881844,9962271
0,0,7,8687024.77883283,12007539.5009537,9952466
0,0,8,8745295.178659845,12115898.44467404,9941911
0,0,9,8802781.36584481,12291385.10395632,9930656
0,0,10,8861353.126038466,12499079.78092646,9918619
0,0,11,8917302.87582319,12584994.06999539,9906062
0,0,12,8975526.94051552,12687918.27667091,9893192
0,0,13,8988546.752111522,12718933.17262806,9879476
0,0,14,8939388.05009516,12759301.50663746,9865107
0,0,15,8998841.455915013,12891232.50081073,9850313
0,0,16,9068018.672632629,12994641.91332425,9835003
0,0,17,9143704.595643537,13229203.46093246,9819245
0,0,18,9217229.301239191,13228487.07438411,9802803
0,0,19,9296808.128686268,13387695.63519811,9785861
0,0,20,9382017.343761461,13672495.99680764,9768175
0,0,21,9465568.949671235,13749385.42895945,9750453
0,0,22,9554093.336266376,13832995.39772348,9732267
0,0,23,9648584.336997468,14168687.99290096,9713477
0,0,24,9739347.084720219,14310684.84319624,9694423
0,0,25,9834270.498284597,14628684.26521637,9674803
0,0,26,9925911.668118674,14808973.78391788,9654878
0,0,27,10013049.65370921,14955292.3272066,9634222
0,0,28,10101565.37118451,15250596.76128853,9613054
0,0,29,10181021.08494226,15389719.79418403,9591573
0,0,30,10252111.34796956,15512163.21127862,9569430
0,0,31,10324314.82242198,15666522.59630664,9547159
0,0,32,10398537.01752952,15985188.54691536,9524461
0,0,33,10466823.44828216,16072002.74293484,9500984
0,0,34,10543157.25374353,16295909.12861447,9477255
0,0,35,10627572.25412733,16478638.64231145,9452798
0,0,36,10721133.53965181,16750802.10700761,9428325
0,0,37,10828711.14725826,17104353.84400785,9402919
0,0,38,10945258.79657673,17382172.47565268,9377529
0,0,39,11074896.53762045,17716369.16996374,9351338
0,0,40,11221561.48072921,18184043.80141162,9324749
0,0,41,11377857.22764509,18557203.70300309,9297435
0,0,42,11544328.76935456,18983996.97759269,9269436
0,0,43,11727544.75702816,19517548.59060681,9241265
0,0,44,11918357.60193023,20087709.47313867,9212471
0,0,45,12112731.620613,20670621.30168438,9182944
0,0,46,12308542.48214252,21197474.01975628,9152975
0,0,47,12504901.47009908,21837012.2820963,9122110
0,0,48,12698226.31612201,22514469.65327258,9090357
0,0,49,12900417.70878483,23165115.78069326,9058087
0,0,50,13117387.79399727,23792010.61147739,9025256
0,0,51,13368736.75219624,24643327.02464166,8991690
0,0,52,13661507.79459161,25857881.98574631,8957199
0,0,53,14007064.70316555,27402118.82052191,8921668
0,0,54,14386043.60298546,28817446.18769656,8885312
0,0,55,14793497.03498189,30130044.75085928,8847143
0,0,56,15229769.16733632,31634321.79475909,8807544
0,0,57,15691470.76375189,33294057.9618125,8766326
0,0,58,16196127.88048833,35098949.74210533,8724285
0,0,59,16793321.40525141,37374680.37690377,8680400
0,0,60,17524629.74717185,40380754.96025626,8635571
0,0,61,18416134.09459608,44263389.67951598,8588908
0,0,62,19490684.60672932,49501404.77307403,8539270
0,0,63,20800163.84454067,56326173.66957087,8484597
0,0,64,22496377.21171141,65880893.4235798,8422126
0,0,65,24790935.09267952,80138006.35264544,8347510
0,0,66,28144392.37961343,104071851.0665957,8248664
0,0,67,33898829.3498968,155124381.9256267,8097570
0,0,68,42145343.07785972,252246193.4322384,7714021
0,0,69,36183422.8242548,242348252.8476668,5974379
0,0,70,11670976.11184728,72284666.878124,2253685
0,0,71,926748.9703474675,4797899.816541929,234389
0,0,72,17726.36363799211,83032.3136734671,9988
0,0,73,5029.292926059369,29206.13796619064,5819
0,0,74,4211.341713350512,21287.17580708544,5585
0,0,75,4143.041700109723,21583.97755005066,5294
0,0,76,4027.248157463609,21219.88551549316,5192
0,0,77,3965.000329333342,20559.26634852483,4999
0,0,78,4005.014183799537,22938.06776056363,4845
0,0,79,3838.311765296735,21075.74420005563,4695
0,0,80,3602.624691067927,19812.13818826286,4564
0,0,81,3536.802930050075,18452.44952531852,4469
0,0,82,3579.905366190464,20786.4949597821,4352
0,0,83,3193.153981186862,16796.87940100346,4210
0,0,84,3123.635396988298,17556.05431263086,4045
0,0,85,2956.028501604855,15131.78940191182,3901
0,0,86,2876.139199010045,15568.58528793267,3753
0,0,87,2947.813502725618,15193.89866478665,3804
0,0,88,2823.378246076228,16613.45149321881,3607
0,0,89,2886.024106822845,17155.2387718964,3542
0,0,90,2771.649060053498,15987.48678782502,3451
0,0,91,2487.453103578441,12578.56844619738,3304
0,0,92,2548.969277759801,14691.99453023526,3221
0,0,93,2450.587825933106,14756.20440230303,3071
0,0,94,2155.606638557286,11939.63210724542,3047
0,0,95,2233.097100414934,11918.49495625849,2862
0,0,96,2225.94312346468,12698.21025195703,2818
0,0,97,2019.250166259481,10929.38629516145,2739
0,0,98,2224.7965885416,13707.59616257041,2687
0,0,99,2124.153096204479,12063.70813007568,2652
0,0,100,2101.720403479055,12466.10534300501,2521
0,0,101,1772.993951445387,10065.53508910998,2388
0,0,102,1779.322796460704,10831.60268102168,2320
0,0,103,1680.337859982524,8740.392300532143,2269
0,0,104,1763.514145409392,11336.0269870862,2282
0,0,105,1797.637244460251,10686.06908853748,2225
0,0,106,1726.187502039469,8805.378833292189,2187
0,0,107,1679.754317656686,10025.12443477534,2134
0,0,108,1552.195959569717,9204.004270849249,2027
0,0,109,1582.904630203333,8984.868198335378,2016
0,0,110,1551.495067136519,9327.375134492597,2056
0,0,111,1473.443067300313,7955.520503191928,1906
0,0,112,1525.956732339017,8734.087226197009,1865
0,0,113,1562.246852262469,9899.611575122653,1832
0,0,114,1304.198756059,6538.412257480366,1716
0,0,115,1259.842111346625,6484.828726683328,1723
0,0,116,1394.766243247233,8658.240690649038,1701
0,0,117,1255.556078840219,7773.004047976456,1653
0,0,118,1312.724831692415,8277.954169717281,1576
0,0,119,1150.867335578268,6853.863283399151,1564
0,0,120,1103.667837587106,5374.722904437092,1651
0,0,121,1055.847543209597,5025.965859268987,1559
0,0,122,1102.93309881652,6834.198009373729,1469
0,0,123,1098.054311594633,6523.258367129723,1425
0,0,124,1075.197552078557,5844.167334696554,1487
0,0,125,1134.080095643424,7148.649148887308,1411
0,0,126,1036.766998512083,5643.277659149767,1381
0,0,127,973.412997570528,5607.468491254393,1336
0,0,128,989.0305188413517,5836.490268947494,1360
0,0,129,938.3687601643358,5375.738174813235,1273
0,0,130,778.9618791941413,4420.956818034311,1179
0,0,131,891.1775275769043,5061.682000377309,1157
0,0,132,795.3925567526604,4877.62779664762,1144
0,0,133,811.9904420053157,4439.531565169504,1170
0,0,134,931.6575252796529,6689.521646145992,1190
0,0,135,876.6978006241321,6458.194463604555,1165
0,0,136,775.6783569059031,4253.190825158816,1114
0,0,137,895.2067142881637,5905.979256977812,1131
0,0,138,827.934543292073,4712.555940256286,1090
0,0,139,845.120074311088,5920.108257550059,1063
0,0,140,736.7188982100223,4310.666451877851,1024
0,0,141,793.2301823739642,4787.036258723832,1002
0,0,142,769.6705360411854,5477.772718366475,985
0,0,143,757.859401098607,4775.51825044239,992
0,0,144,661.4514016722921,3545.576164043371,944
0,0,145,769.5126710639843,5475.175285311962,1011
0,0,146,730.5042875070498,4195.045971440464,952
0,0,147,654.4457944084156,4274.174656149669,944
0,0,148,642.6942322083469,3583.991155558929,914
0,0,149,621.0741433137289,3084.4695174723,907
0,0,150,653.382847763904,3773.598022276424,858
0,0,151,579.9818241855531,2877.924348863345,850
0,0,152,716.5412254330187,3881.894037913052,883
0,0,153,657.4578837658008,3486.453316772107,841
0,0,154,648.3310506549434,3927.120733750394,815
0,0,155,595.664186802822,3460.290055624936,812
0,0,156,612.3244789022417,3827.82131261909,828
0,0,157,678.524982593562,4329.254893219689,818
0,0,158,627.8506686032705,3456.364855080487,847
0,0,159,572.5379021527644,3271.36642021503,786
0,0,160,569.9354091650509,4028.769170412315,760
0,0,161,468.2447165672007,2059.586219386824,720
0,0,162,559.4485682739094,3145.358594083029,756
0,0,163,494.5985779511131,2320.539267753675,679
0,0,164,626.1776773916542,4139.895846444106,732
0,0,165,445.4753823973668,1913.390253888173,692
0,0,166,472.1173267715357,2487.795176127878,609
0,0,167,425.2514851256083,2106.80117830233,618
0,0,168,545.6272319559358,3081.883498646442,668
0,0,169,518.4414610192157,3090.211499777304,649
0,0,170,504.6274431539059,2685.207493111631,611
0,0,171,439.2260538367617,2113.482533991989,599
0,0,172,473.2141226713867,2327.621643194239,620
0,0,173,458.1545751918518,2316.001461534796,578
0,0,174,503.7310800218751,3289.654807482975,582
0,0,175,446.3988507128397,2310.99917510848,545
0,0,176,463.1590099502405,2501.017528971282,585
0,0,177,491.7158912900064,3234.114430461549,608
0,0,178,461.7411466376037,3106.495855452945,587
0,0,179,439.3829970254754,2745.80214355599,572
0,0,180,397.4900425675952,2272.390258384838,558
0,0,181,397.284244269263,2232.870936286181,552
0,0,182,361.4390002330266,1666.045485366974,568
0,0,183,348.8572995812258,1724.724875071774,490
0,0,184,408.2880930480065,2493.843596968666,541
0,0,185,426.3384386976637,2574.741889826339,539
0,0,186,400.6171189022996,2592.199538355131,500
0,0,187,347.7426220567249,2167.629027898644,495
0,0,188,371.2096567629052,2247.672247226657,489
0,0,189,333.8841789636789,1822.530402470401,470
0,0,190,267.3176287660309,1014.339708779453,486
0,0,191,312.1045914694905,1373.49782184839,472
0,0,192,297.996661210329,1155.559305774681,494
0,0,193,380.8476880207467,2246.421019960532,477
0,0,194,320.1953760803902,1637.083744718476,450
0,0,195,333.8793239497722,2189.795998751109,430
0,0,196,309.6870676145579,1796.4591502027,423
0,0,197,333.123531531899,1795.200278993129,438
0,0,198,325.6025589026986,1839.681834377005,424
0,0,199,324.5021878003561,1708.885308330905,436
0,0,200,269.6380264990268,1046.956747934821,421
0,0,201,353.6396220449441,2344.633012613731,420
0,0,202,331.2104587472438,1627.633343988181,427
0,0,203,336.8338647423991,2451.356817585668,406
0,0,204,257.131064976422,1558.577925068614,378
0,0,205,249.2396560237448,1288.952477628071,394
0,0,206,212.0503929444299,1011.716797559473,346
0,0,207,238.5719496882668,991.8122721685324,384
0,0,208,237.8467277241714,1149.436350110112,376
0,0,209,252.2539412136864,1881.57747173653,325
0,0,210,241.3074951952079,1427.15867013481,362
0,0,211,242.4376443130767,1229.325527243033,369
0,0,212,265.6970768229787,1385.55977222007,347
0,0,213,230.0552152481367,1037.149100797908,357
0,0,214,293.8497933037063,1938.128991218947,335
0,0,215,276.043448348761,1624.26532586349,356
0,0,216,303.4932492486934,1837.52118815743,344
0,0,217,277.2141157441657,1544.594962337953,349
0,0,218,294.541533825896,2730.964377298805,348
0,0,219,190.8045374368202,740.5655539500888,320
0,0,220,232.2382124891533,1460.76149138239,323
0,0,221,215.7943557605079,1176.415046316156,335
0,0,222,223.6326452147103,1152.237562781248,324
0,0,223,217.8665913389993,1209.684515447759,327
0,0,224,205.2064822332552,1123.72074252055,299
0,0,225,195.6080066114838,981.8177325831462,304
0,0,226,224.8308152419635,1111.826253937218,316
0,0,227,243.6237203110593,1248.921359196944,294
0,0,228,216.2593323807879,1043.457578412045,298
0,0,229,265.5147450524109,1662.757183011627,295
0,0,230,262.9209385095758,1393.609033443705,292
0,0,231,166.653741801082,877.306979049786,265
0,0,232,213.1538333505748,1190.319814233952,276
0,0,233,154.8445259228666,623.5714838904208,279
0,0,234,199.2962509254311,1684.07388431147,264
0,0,235,202.0687857012638,988.078792925565,263
0,0,236,208.7859000343709,1004.499101090786,293
0,0,237,288.3078070015116,2249.160411913458,271
0,0,238,209.8343990062416,1110.205601765623,294
0,0,239,184.1648704239807,1247.363361054912,244
0,0,240,136.4757878018449,568.0047902897742,256
0,0,241,204.2132703085572,2256.720756966866,274
0,0,242,166.9087246322149,902.8418622645225,223
0,0,243,135.5888865979489,607.0608013166061,217
0,0,244,232.7618693276078,1903.351910255843,253
0,0,245,96.75173283591958,335.695876882133,222
0,0,246,119.3589371816759,521.908531504468,192
0,0,247,114.8903204305584,573.757181945528,212
0,0,248,123.8331562795352,487.3163845829624,232
0,0,249,138.932467216277,553.0491746250374,241
0,0,250,150.5153614247203,655.9157170517027,221
0,0,251,159.9510733579176,1228.618627881439,224
0,0,252,106.5498492928293,350.9536519770519,188
0,0,253,176.6196882660096,993.8048801787106,226
0,0,254,119.7632329083111,440.0240373170643,225
0,0,255,164.7657120316058,1360.230187558267,198
0,0,256,186.6107159766507,1117.96017998807,206
0,0,257,163.9832149466345,1502.584647328444,189
0,0,258,113.0282596180436,593.8071174786248,188
0,0,259,155.7759857177317,841.3258677204733,202
0,0,260,170.8347114913623,1442.930209800219,230
0,0,261,149.7837259519171,912.6003590894021,204
0,0,262,157.8893283618513,1149.309365906055,214
0,0,263,133.1740661792199,826.3675068026749,195
0,0,264,123.136484143684,550.5554535022554,196
0,0,265,89.12296479916799,344.3847617902892,184
0,0,266,113.6248324573731,401.78685204187,188
0,0,267,117.9134198153761,631.7467635540637,183
0,0,268,135.7307278265008,753.9742625666028,197
0,0,269,128.8079021735603,539.500579411948,183
0,0,270,244.4578111893431,2177.883652043318,180
0,0,271,157.0223830978371,1079.33508604872,184
0,0,272,127.7251271118159,639.8356904783676,174
0,0,273,110.96577649956,478.5429619649314,173
0,0,274,136.3354304209742,633.3103491447387,192
0,0,275,149.3548035041402,1137.336474710581,171
0,0,276,116.3715895641611,533.5293321472567,190
0,0,277,156.8909517859123,1066.610824453891,162
0,0,278,92.12040245204278,426.6826253775516,181
0,0,279,107.8719683218273,615.9138754302368,173
0,0,280,110.6130859758641,450.2890970448158,166
0,0,281,158.9644344882106,1897.133705901479,179
0,0,282,124.808496618787,604.0897320670784,178
0,0,283,122.9887555712538,707.3833229485358,159
0,0,284,109.7669866355615,560.5656516213398,154
0,0,285,124.405908819085,777.874638543335,149
0,0,286,79.51339360532131,303.6616845786996,158
0,0,287,90.52750100794924,396.0516402967846,156
0,0,288,97.4388227975748,471.6309835623096,138
0,0,289,106.2181598890121,488.5305378935138,162
0,0,290,111.6521120139452,703.8043773610555,142
0,0,291,114.0834584256155,605.028772733276,136
0,0,292,113.754067098992,723.3945201256333,145
0,0,293,84.93879906179782,325.8325427431245,135
0,0,294,100.2632837656646,575.988323170189,132
0,0,295,110.114372810554,626.7741669343986,135
0,0,296,98.08863976890666,543.5829962871285,148
0,0,297,102.4238377036778,924.2759238609164,146
0,0,298,91.87871334230682,475.214320049612,148
0,0,299,97.3436281440909,464.5394083639337,128
0,0,300,123.6582751416805,1055.64253617333,133
0,0,301,66.07489808740586,359.5106615755717,123
0,0,302,98.20008774725214,916.8199463521389,141
0,0,303,64.33504983033004,236.3551594373296,116
0,0,304,48.51357434056256,85.03295368125367,131
0,0,305,102.6283110794105,581.1313106692967,134
0,0,306,113.9298815833707,576.9452094911107,133
0,0,307,167.9002647514834,1341.705743603245,139
0,0,308,104.3512555239,572.4122906293038,134
0,0,309,71.39910436176478,292.8815625490731,121
0,0,310,82.38286314889231,428.7571186543848,122
0,0,311,73.90651805956928,358.3623195527126,124
0,0,312,78.98893724217315,577.4693832614814,123
0,0,313,86.99502931868433,630.8577884309727,114
0,0,314,54.10398033651824,160.5117493231963,121
0,0,315,73.84135488621516,438.2599488664228,119
0,0,316,80.21938350954498,363.5196287762546,126
0,0,317,65.16759871953376,168.7878515425999,127
0,0,318,98.80277925781786,503.2791740030956,119
0,0,319,90.03420915427228,620.2244980511663,109
0,0,320,128.2831996886864,774.1570986900736,120
0,0,321,88.19702045275208,747.2115423090519,117
0,0,322,82.94879697119629,430.0505340810471,109
0,0,323,81.84682462647798,441.2919029849772,105
0,0,324,59.36899116838606,235.0228744687618,114
0,0,325,88.25129206107124,682.7551681390743,103
0,0,326,69.68937995933238,653.5223425020209,96
0,0,327,71.61538904192794,481.033153529383,99
0,0,328,60.1499630008234,268.2745567190337,91
0,0,329,63.05571767137926,281.5705990051192,97
0,0,330,45.98318686363708,130.4308687270335,106
0,0,331,68.99073048062118,337.1765330258272,114
0,0,332,103.0242988971368,1009.082822802013,103
0,0,333,57.56059461332985,250.2874532020819,100
0,0,334,61.35124357861994,291.7048971742622,97
0,0,335,70.56207439229721,365.6375073235423,107
0,0,336,43.02179860221677,111.4858991406128,97
0,0,337,76.88707272032021,314.561745401903,107
0,0,338,101.3275228657897,668.7322758101739,112
0,0,339,96.94755265101662,665.3857506172528,97
0,0,340,63.84929672353653,236.507420142155,91
0,0,341,74.91163300271255,508.3729348796434,92
0,0,342,62.86502424499323,287.4909078332129,97
0,0,343,69.72074684316588,346.198132008837,96
0,0,344,48.4223487359392,223.5620152260329,84
0,0,345,50.86461710123235,196.2335713251946,92
0,0,346,87.57414862185253,954.1083756958643,93
0,0,347,47.2363811832214,135.1036917361802,93
0,0,348,64.33967839162358,385.5542844090532,94
0,0,349,75.90603483129198,387.6539762674233,93
0,0,350,60.70643390352982,246.8360912245466,102
0,0,351,56.73419519346569,319.006739935861,103
0,0,352,48.54219474932806,259.1846251612183,102
0,0,353,44.93436193935273,286.6162526795443,88
0,0,354,60.1711345779969,455.747410786215,90
0,0,355,28.96029131466964,91.12956066805903,88
0,0,356,37.27760284553933,119.0124843452739,84
0,0,357,26.26829655544795,78.28041914145136,78
0,0,358,57.34604620102466,361.2892812480679,82
0,0,359,52.20366609858145,452.444971721078,71
0,0,360,26.18145359582198,43.33294656868763,88
0,0,361,29.70165011335311,118.2704457838621,68
0,0,362,41.84891200027758,170.9722072622401,66
0,0,363,111.4303634306808,1482.340198572627,81
0,0,364,32.38503827625882,84.30844657032303,65
0,0,365,78.37315989080604,2044.668150022681,71
0,0,366,45.79453486081614,242.2893802281192,68
0,0,367,42.22913657909837,245.5159357263003,81
0,0,368,56.8682306251916,636.9281067707356,76
0,0,369,21.10553718097826,62.96403714433526,66
0,0,370,12.69116961331926,15.6725641979911,62
0,0,371,56.32171010960031,670.4689992404928,79
0,0,372,22.08048229697122,112.6832205104447,70
0,0,373,40.62506417213461,134.2270903532799,60
0,0,374,59.52169773423362,828.9633577657065,63
0,0,375,43.44039641685234,383.9233528735464,56
0,0,376,22.05707822165761,61.21715709189461,58
0,0,377,35.53888978017481,258.3129007555966,53
0,0,378,27.5098103974465,132.9834583224639,57
0,0,379,24.67910176786824,60.90857704599426,66
0,0,380,29.83986340960696,79.23370100414462,64
0,0,381,31.0161012922593,126.8886469766239,62
0,0,382,53.17370888583638,421.0065783451355,55
0,0,383,42.35855699813782,220.0769051720066,51
0,0,384,16.77923048310771,39.18575316963643,50
0,0,385,9.242472501417238,6.484723459164302,50
0,0,386,30.72533319391797,176.2210972343814,55
0,0,387,35.63646141255454,143.5915634405185,65
0,0,388,50.25561877884046,376.777363067539,63
0,0,389,30.95384860011676,113.7537108075516,64
0,0,390,17.9490357975605,52.02432921722237,62
0,0,391,13.3515652490134,14.30444649933793,55
0,0,392,18.50284784331377,44.81254646734694,51
0,0,393,22.87838332635557,85.13036654920715,58
0,0,394,16.46284777312563,26.48339897296856,52
0,0,395,16.44614205074407,26.18863052954264,54
0,0,396,44.69021492220222,369.8450948864138,60
0,0,397,54.41169774272207,406.3108730072514,57
0,0,398,64.01569988849774,1495.002292265995,62
0,0,399,17.71225104316659,32.12866219867983,54
0,0,400,21.51724780282725,75.81956294078988,53
0,0,401,26.59904137664967,89.93923371717008,57
0,0,402,18.52607299466138,57.68490995590722,56
0,0,403,50.26372791303157,547.7458075416776,48
0,0,404,26.96179468862632,105.7821853774778,51
0,0,405,34.53594938013975,177.2785272598223,51
0,0,406,19.11624129844622,64.62878926719773,57
0,0,407,23.69999008711445,93.58564601807834,58
0,0,408,28.36314258320001,58.13769558748952,67
0,0,409,15.04642175460909,31.45974494913775,53
0,0,410,30.84711048341445,161.4698422504053,54
0,0,411,17.95938634520995,39.3228259179555,54
0,0,412,19.07509019805285,104.715708441487,57
0,0,413,16.23908789347503,30.16835995537377,55
0,0,414,24.99008501871558,70.47977994815089,61
0,0,415,33.29021172996249,195.0646412578094,64
0,0,416,34.78928111439405,296.9751123891901,50
0,0,417,32.72931096902075,113.1796970597007,57
0,0,418,45.84754666603894,366.6155835385537,46
0,0,419,17.24278445254637,56.47146309683251,41
0,0,420,26.43012577233127,146.4242943134595,56
0,0,421,25.69921304936085,90.32133407483893,56
0,0,422,41.63711980689904,212.298092930823,68
0,0,423,28.65804211596811,231.9386157744613,47
0,0,424,24.54687996972915,109.1537432013436,43
0,0,425,16.28862178371886,28.88766392283202,50
0,0,426,23.3560960167414,107.1919549925891,46
0,0,427,25.41382159338124,145.2144970378839,47
0,0,428,26.17197466580361,99.33882290528965,48
0,0,429,18.55145405448113,54.3582644066791,37
0,0,430,4.283643037034186,1.807176339381831,26
0,0,431,11.30235374147387,22.45640659166264,36
0,0,432,23.78875157656456,101.6599425967101,42
0,0,433,38.88993257126167,340.2648402572003,33
0,0,434,25.4734615064341,129.5075276979024,34
0,0,435,10.53548778303907,32.8685039769784,40
0,0,436,14.25970109414006,74.793166096593,45
0,0,437,23.98730154831312,71.95242750480018,47
0,0,438,24.95931352871953,105.4100304943156,41
0,0,439,47.1460400547147,302.1458898529067,46
0,0,440,27.95603017611245,111.5997906448266,37
0,0,441,7.40643937047539,6.863589943509353,31
0,0,442,8.703461585653217,20.17934338442606,31
0,0,443,24.28505422694694,128.6045529582728,29
0,0,444,32.91183351623678,178.3180574096285,37
0,0,445,6.896599094057988,7.052599116232885,33
0,0,446,16.05139420283096,23.1986380051722,38
0,0,447,12.1154347855307,13.64527323130075,38
0,0,448,17.79715901777577,79.07507352219154,38
0,0,449,25.14790028682802,124.45858216641,40
0,0,450,35.08263285358517,265.2793308124185,30
0,0,451,54.19800018497182,474.9342879361678,31
0,0,452,16.1791993963915,80.69680949158433,31
0,0,453,21.95700083814927,101.6046610250066,28
0,0,454,9.217675802836141,11.04254631947842,29
0,0,455,13.30968475045923,20.46224695792533,35
0,0,456,23.23909583714341,113.2306809123606,34
0,0,457,23.06915194574279,107.0368851128499,25
0,0,458,19.30067612381513,59.69543734261042,31
0,0,459,9.748523040239574,17.40423466453893,30
0,0,460,26.5552299834477,354.192792006433,31
0,0,461,23.13549483639678,129.1810939074846,32
0,0,462,7.152191999029148,17.06694564331394,26
0,0,463,9.209181685287053,35.15817390295433,27
0,0,464,9.602962235619687,34.09032572088084,29
0,0,465,12.13734122306147,23.16796578139544,37
0,0,466,19.98936768902151,80.31121243132246,40
0,0,467,18.96080515450303,123.8692935652021,24
0,0,468,17.39464859371408,62.87838941348046,35
0,0,469,7.130548632064812,13.10780916539678,30
0,0,470,9.244717486728977,6.724474192741256,33
0,0,471,5.179256612018579,4.193594347455891,28
0,0,472,11.52770816602188,26.35256867302615,31
0,0,473,10.93649613365961,14.9901510122633,36
0,0,474,8.587898473496907,19.89799278587062,22
0,0,475,6.676473981183028,8.618418703368397,21
0,0,476,17.10573565146238,127.989552730715,23
0,0,477,15.38436986543024,43.28730871814746,26
0,0,478,27.91073821919415,263.4161573570584,24
0,0,479,32.53753954247867,274.9707127986375,26
0,0,480,12.99618387153661,27.34984744060055,31
0,0,481,29.93321442940955,216.9752236545031,30
0,0,482,21.4362224200842,118.3181463331177,26
0,0,483,4.142218616458227,1.864904427227597,20
0,0,484,17.4718704980931,90.96015138699302,26
0,0,485,5.309241491344424,7.498233434223055,22
0,0,486,18.55456819552955,193.0211598447403,18
0,0,487,39.14448191018126,727.5344321397167,24
0,0,488,4.795673254242098,1.781033475916466,29
0,0,489,3.196112392260258,1.048741638234789,22
0,0,490,9.19126564747627,21.52347056551056,24
0,0,491,5.748438330757637,4.456603367621773,26
0,0,492,22.31417596528374,182.5815593702822,28
0,0,493,18.39925835878476,142.7713869871776,28
0,0,494,13.39862212543891,62.62074793195014,20
0,0,495,6.904449449657798,11.1584271919525,17
0,0,496,9.141560797662455,19.3397202048132,15
0,0,497,12.77963298561645,73.88845629828597,18
0,0,498,15.62835295422204,37.99369693025469,19
0,0,499,17.99848215718103,125.3733966561002,19
