# Gamma Energy Spectrum Data
# Bin Size: 0.01 MeV
# Total Events: 14257014
# Bin_Center(MeV) Count Count_Per_MeV
0.005 1294 129400.00
0.015 6626 662600.00
0.025 36148 3614800.00
0.035 68016 6801600.00
0.045 81646 8164600.00
0.055 85210 8521000.00
0.065 87155 8715500.00
0.075 87766 8776600.00
0.085 89031 8903100.00
0.095 89277 8927700.00
0.105 90544 9054400.00
0.115 91008 9100800.00
0.125 92254 9225400.00
0.135 91668 9166800.00
0.145 90569 9056900.00
0.155 87827 8782700.00
0.165 95370 9537000.00
0.175 89784 8978400.00
0.185 81461 8146100.00
0.195 82787 8278700.00
0.205 89892 8989200.00
0.215 89151 8915100.00
0.225 89148 8914800.00
0.235 89558 8955800.00
0.245 88411 8841100.00
0.255 85009 8500900.00
0.265 81804 8180400.00
0.275 79189 7918900.00
0.285 76422 7642200.00
0.295 73763 7376300.00
0.305 70918 7091800.00
0.315 69176 6917600.00
0.325 67158 6715800.00
0.335 64873 6487300.00
0.345 63728 6372800.00
0.355 62166 6216600.00
0.365 60108 6010800.00
0.375 58635 5863500.00
0.385 57288 5728800.00
0.395 56163 5616300.00
0.405 58289 5828900.00
0.415 62211 6221100.00
0.425 59870 5987000.00
0.435 56620 5662000.00
0.445 51996 5199600.00
0.455 50093 5009300.00
0.465 49813 4981300.00
0.475 51000 5100000.00
0.485 49548 4954800.00
0.495 47497 4749700.00
0.505 46427 4642700.00
0.515 126064 12606400.00
0.525 43493 4349300.00
0.535 42370 4237000.00
0.545 42021 4202100.00
0.555 41365 4136500.00
0.565 41337 4133700.00
0.575 40564 4056400.00
0.585 40313 4031300.00
0.595 40155 4015500.00
0.605 39613 3961300.00
0.615 39749 3974900.00
0.625 38791 3879100.00
0.635 38572 3857200.00
0.645 38226 3822600.00
0.655 38022 3802200.00
0.665 37231 3723100.00
0.675 36988 3698800.00
0.685 37982 3798200.00
0.695 42719 4271900.00
0.705 56091 5609100.00
0.715 69805 6980500.00
0.725 68347 6834700.00
0.735 53632 5363200.00
0.745 39909 3990900.00
0.755 35143 3514300.00
0.765 34283 3428300.00
0.775 34060 3406000.00
0.785 33626 3362600.00
0.795 33519 3351900.00
0.805 33436 3343600.00
0.815 32933 3293300.00
0.825 32451 3245100.00
0.835 32599 3259900.00
0.845 32099 3209900.00
0.855 31984 3198400.00
0.865 32066 3206600.00
0.875 32162 3216200.00
0.885 32087 3208700.00
0.895 31655 3165500.00
0.905 31679 3167900.00
0.915 31616 3161600.00
0.925 32179 3217900.00
0.935 32182 3218200.00
0.945 32357 3235700.00
0.955 32294 3229400.00
0.965 32248 3224800.00
0.975 32212 3221200.00
0.985 32733 3273300.00
0.995 33900 3390000.00
1.005 36246 3624600.00
1.015 38107 3810700.00
1.025 38237 3823700.00
1.035 36972 3697200.00
1.045 34322 3432200.00
1.055 32551 3255100.00
1.065 31175 3117500.00
1.075 30657 3065700.00
1.085 30522 3052200.00
1.095 30116 3011600.00
1.105 29771 2977100.00
1.115 29621 2962100.00
1.125 30122 3012200.00
1.135 29463 2946300.00
1.145 29004 2900400.00
1.155 28601 2860100.00
1.165 27764 2776400.00
1.175 27455 2745500.00
1.185 27338 2733800.00
1.195 27134 2713400.00
1.205 26920 2692000.00
1.215 26599 2659900.00
1.225 26758 2675800.00
1.235 26573 2657300.00
1.245 26382 2638200.00
1.255 26293 2629300.00
1.265 25761 2576100.00
1.275 26091 2609100.00
1.285 25908 2590800.00
1.295 25855 2585500.00
1.305 25666 2566600.00
1.315 25388 2538800.00
1.325 26004 2600400.00
1.335 26116 2611600.00
1.345 25649 2564900.00
1.355 25522 2552200.00
1.365 25540 2554000.00
1.375 25397 2539700.00
1.385 25342 2534200.00
1.395 25362 2536200.00
1.405 25318 2531800.00
1.415 26031 2603100.00
1.425 26136 2613600.00
1.435 26231 2623100.00
1.445 25764 2576400.00
1.455 25492 2549200.00
1.465 25405 2540500.00
1.475 24825 2482500.00
1.485 24352 2435200.00
1.495 24184 2418400.00
1.505 24199 2419900.00
1.515 23853 2385300.00
1.525 23671 2367100.00
1.535 23912 2391200.00
1.545 23742 2374200.00
1.555 23565 2356500.00
1.565 23658 2365800.00
1.575 23606 2360600.00
1.585 24015 2401500.00
1.595 25063 2506300.00
1.605 27532 2753200.00
1.615 30907 3090700.00
1.625 34685 3468500.00
1.635 36885 3688500.00
1.645 35012 3501200.00
1.655 31705 3170500.00
1.665 27539 2753900.00
1.675 24770 2477000.00
1.685 23494 2349400.00
1.695 22728 2272800.00
1.705 22148 2214800.00
1.715 22299 2229900.00
1.725 22130 2213000.00
1.735 22045 2204500.00
1.745 22160 2216000.00
1.755 22097 2209700.00
1.765 21877 2187700.00
1.775 22104 2210400.00
1.785 22126 2212600.00
1.795 22079 2207900.00
1.805 21917 2191700.00
1.815 21906 2190600.00
1.825 21793 2179300.00
1.835 21794 2179400.00
1.845 21739 2173900.00
1.855 21713 2171300.00
1.865 21989 2198900.00
1.875 21933 2193300.00
1.885 21970 2197000.00
1.895 21758 2175800.00
1.905 21616 2161600.00
1.915 21668 2166800.00
1.925 21317 2131700.00
1.935 22005 2200500.00
1.945 22987 2298700.00
1.955 23638 2363800.00
1.965 25183 2518300.00
1.975 26826 2682600.00
1.985 28108 2810800.00
1.995 28825 2882500.00
2.005 28893 2889300.00
2.015 27857 2785700.00
2.025 26769 2676900.00
2.035 25143 2514300.00
2.045 23861 2386100.00
2.055 22727 2272700.00
2.065 22356 2235600.00
2.075 22240 2224000.00
2.085 22674 2267400.00
2.095 23671 2367100.00
2.105 24089 2408900.00
2.115 24839 2483900.00
2.125 25104 2510400.00
2.135 24907 2490700.00
2.145 24324 2432400.00
2.155 23906 2390600.00
2.165 22641 2264100.00
2.175 22311 2231100.00
2.185 21578 2157800.00
2.195 21039 2103900.00
2.205 20749 2074900.00
2.215 20422 2042200.00
2.225 20966 2096600.00
2.235 20679 2067900.00
2.245 21677 2167700.00
2.255 23941 2394100.00
2.265 28451 2845100.00
2.275 34565 3456500.00
2.285 42591 4259100.00
2.295 49981 4998100.00
2.305 55885 5588500.00
2.315 58150 5815000.00
2.325 56455 5645500.00
2.335 51316 5131600.00
2.345 44263 4426300.00
2.355 37759 3775900.00
2.365 32265 3226500.00
2.375 28593 2859300.00
2.385 25934 2593400.00
2.395 24058 2405800.00
2.405 22529 2252900.00
2.415 21469 2146900.00
2.425 20365 2036500.00
2.435 20036 2003600.00
2.445 19370 1937000.00
2.455 19504 1950400.00
2.465 19066 1906600.00
2.475 19579 1957900.00
2.485 19507 1950700.00
2.495 19473 1947300.00
2.505 19283 1928300.00
2.515 19313 1931300.00
2.525 19102 1910200.00
2.535 18737 1873700.00
2.545 18413 1841300.00
2.555 18079 1807900.00
2.565 17637 1763700.00
2.575 17002 1700200.00
2.585 16565 1656500.00
2.595 15814 1581400.00
2.605 15445 1544500.00
2.615 14569 1456900.00
2.625 14211 1421100.00
2.635 13804 1380400.00
2.645 13333 1333300.00
2.655 12965 1296500.00
2.665 12865 1286500.00
2.675 12413 1241300.00
2.685 12608 1260800.00
2.695 12548 1254800.00
2.705 12639 1263900.00
2.715 12503 1250300.00
2.725 12488 1248800.00
2.735 12364 1236400.00
2.745 12607 1260700.00
2.755 13025 1302500.00
2.765 13119 1311900.00
2.775 13380 1338000.00
2.785 13544 1354400.00
2.795 13709 1370900.00
2.805 13879 1387900.00
2.815 13704 1370400.00
2.825 13618 1361800.00
2.835 13612 1361200.00
2.845 13614 1361400.00
2.855 13424 1342400.00
2.865 13385 1338500.00
2.875 13358 1335800.00
2.885 13101 1310100.00
2.895 13286 1328600.00
2.905 12872 1287200.00
2.915 13064 1306400.00
2.925 12729 1272900.00
2.935 12721 1272100.00
2.945 12431 1243100.00
2.955 12374 1237400.00
2.965 12537 1253700.00
2.975 12293 1229300.00
2.985 12621 1262100.00
2.995 12391 1239100.00
3.005 12331 1233100.00
3.015 12373 1237300.00
3.025 12523 1252300.00
3.035 12559 1255900.00
3.045 12830 1283000.00
3.055 13190 1319000.00
3.065 13438 1343800.00
3.075 13661 1366100.00
3.085 13690 1369000.00
3.095 13574 1357400.00
3.105 13326 1332600.00
3.115 13032 1303200.00
3.125 12764 1276400.00
3.135 12617 1261700.00
3.145 12411 1241100.00
3.155 12330 1233000.00
3.165 12635 1263500.00
3.175 12605 1260500.00
3.185 12653 1265300.00
3.195 13167 1316700.00
3.205 12968 1296800.00
3.215 13290 1329000.00
3.225 12950 1295000.00
3.235 12691 1269100.00
3.245 12271 1227100.00
3.255 11965 1196500.00
3.265 11366 1136600.00
3.275 11014 1101400.00
3.285 10624 1062400.00
3.295 10299 1029900.00
3.305 10179 1017900.00
3.315 10133 1013300.00
3.325 10373 1037300.00
3.335 10279 1027900.00
3.345 10280 1028000.00
3.355 10363 1036300.00
3.365 10284 1028400.00
3.375 10241 1024100.00
3.385 10237 1023700.00
3.395 10239 1023900.00
3.405 10015 1001500.00
3.415 10116 1011600.00
3.425 9727 972700.00
3.435 9465 946500.00
3.445 9260 926000.00
3.455 9175 917500.00
3.465 9097 909700.00
3.475 8819 881900.00
3.485 8700 870000.00
3.495 8804 880400.00
3.505 8831 883100.00
3.515 8904 890400.00
3.525 8708 870800.00
3.535 8848 884800.00
3.545 8656 865600.00
3.555 8714 871400.00
3.565 8807 880700.00
3.575 8975 897500.00
3.585 9160 916000.00
3.595 9395 939500.00
3.605 9875 987500.00
3.615 10175 1017500.00
3.625 10621 1062100.00
3.635 11321 1132100.00
3.645 11564 1156400.00
3.655 12219 1221900.00
3.665 12272 1227200.00
3.675 12656 1265600.00
3.685 12715 1271500.00
3.695 12427 1242700.00
3.705 12406 1240600.00
3.715 12156 1215600.00
3.725 11976 1197600.00
3.735 11516 1151600.00
3.745 11053 1105300.00
3.755 10856 1085600.00
3.765 10678 1067800.00
3.775 10632 1063200.00
3.785 10583 1058300.00
3.795 10928 1092800.00
3.805 11191 1119100.00
3.815 11561 1156100.00
3.825 11937 1193700.00
3.835 12075 1207500.00
3.845 12456 1245600.00
3.855 12676 1267600.00
3.865 12659 1265900.00
3.875 12695 1269500.00
3.885 12711 1271100.00
3.895 12428 1242800.00
3.905 12138 1213800.00
3.915 11864 1186400.00
3.925 11249 1124900.00
3.935 10659 1065900.00
3.945 10528 1052800.00
3.955 9974 997400.00
3.965 9775 977500.00
3.975 9444 944400.00
3.985 9256 925600.00
3.995 9061 906100.00
4.005 9024 902400.00
4.015 9179 917900.00
4.025 9102 910200.00
4.035 8905 890500.00
4.045 8947 894700.00
4.055 8920 892000.00
4.065 8853 885300.00
4.075 8737 873700.00
4.085 8840 884000.00
4.095 8604 860400.00
4.105 8749 874900.00
4.115 8547 854700.00
4.125 8288 828800.00
4.135 8088 808800.00
4.145 8414 841400.00
4.155 8070 807000.00
4.165 8093 809300.00
4.175 7989 798900.00
4.185 8114 811400.00
4.195 8130 813000.00
4.205 8530 853000.00
4.215 8601 860100.00
4.225 8598 859800.00
4.235 9013 901300.00
4.245 9186 918600.00
4.255 9623 962300.00
4.265 9887 988700.00
4.275 10636 1063600.00
4.285 11184 1118400.00
4.295 11903 1190300.00
4.305 13201 1320100.00
4.315 14693 1469300.00
4.325 16812 1681200.00
4.335 19796 1979600.00
4.345 22945 2294500.00
4.355 26736 2673600.00
4.365 31838 3183800.00
4.375 36521 3652100.00
4.385 41540 4154000.00
4.395 46237 4623700.00
4.405 50466 5046600.00
4.415 53877 5387700.00
4.425 55652 5565200.00
4.435 57240 5724000.00
4.445 56980 5698000.00
4.455 55460 5546000.00
4.465 52835 5283500.00
4.475 49392 4939200.00
4.485 45508 4550800.00
4.495 40320 4032000.00
4.505 35084 3508400.00
4.515 30490 3049000.00
4.525 25580 2558000.00
4.535 20893 2089300.00
4.545 17267 1726700.00
4.555 14292 1429200.00
4.565 12178 1217800.00
4.575 10313 1031300.00
4.585 9013 901300.00
4.595 8232 823200.00
4.605 7702 770200.00
4.615 7406 740600.00
4.625 7146 714600.00
4.635 7090 709000.00
4.645 6790 679000.00
4.655 6840 684000.00
4.665 6801 680100.00
4.675 6917 691700.00
4.685 6963 696300.00
4.695 7084 708400.00
4.705 6999 699900.00
4.715 7011 701100.00
4.725 7231 723100.00
4.735 7401 740100.00
4.745 7319 731900.00
4.755 7480 748000.00
4.765 7603 760300.00
4.775 7553 755300.00
4.785 7649 764900.00
4.795 7688 768800.00
4.805 7774 777400.00
4.815 7803 780300.00
4.825 7939 793900.00
4.835 8099 809900.00
4.845 8108 810800.00
4.855 8243 824300.00
4.865 8104 810400.00
4.875 8147 814700.00
4.885 7866 786600.00
4.895 8234 823400.00
4.905 8289 828900.00
4.915 8151 815100.00
4.925 8102 810200.00
4.935 7955 795500.00
4.945 7781 778100.00
4.955 7877 787700.00
4.965 7723 772300.00
4.975 7670 767000.00
4.985 7688 768800.00
4.995 7709 770900.00
5.005 7565 756500.00
5.015 7729 772900.00
5.025 7653 765300.00
5.035 7676 767600.00
5.045 7843 784300.00
5.055 7817 781700.00
5.065 7814 781400.00
5.075 8015 801500.00
5.085 7918 791800.00
5.095 8006 800600.00
5.105 8042 804200.00
5.115 8051 805100.00
5.125 7953 795300.00
5.135 7953 795300.00
5.145 7923 792300.00
5.155 7747 774700.00
5.165 7840 784000.00
5.175 7676 767600.00
5.185 7698 769800.00
5.195 7750 775000.00
5.205 7992 799200.00
5.215 8092 809200.00
5.225 8328 832800.00
5.235 8499 849900.00
5.245 8591 859100.00
5.255 8818 881800.00
5.265 8754 875400.00
5.275 8862 886200.00
5.285 8651 865100.00
5.295 8708 870800.00
5.305 8288 828800.00
5.315 8097 809700.00
5.325 7664 766400.00
5.335 7306 730600.00
5.345 7061 706100.00
5.355 6571 657100.00
5.365 6426 642600.00
5.375 6074 607400.00
5.385 5968 596800.00
5.395 5892 589200.00
5.405 5755 575500.00
5.415 5460 546000.00
5.425 5588 558800.00
5.435 5590 559000.00
5.445 5614 561400.00
5.455 5592 559200.00
5.465 5437 543700.00
5.475 5518 551800.00
5.485 5478 547800.00
5.495 5274 527400.00
5.505 5400 540000.00
5.515 5339 533900.00
5.525 5451 545100.00
5.535 5332 533200.00
5.545 5405 540500.00
5.555 5381 538100.00
5.565 5492 549200.00
5.575 5311 531100.00
5.585 5392 539200.00
5.595 5188 518800.00
5.605 5401 540100.00
5.615 5207 520700.00
5.625 5223 522300.00
5.635 5145 514500.00
5.645 5175 517500.00
5.655 5157 515700.00
5.665 5241 524100.00
5.675 5284 528400.00
5.685 5143 514300.00
5.695 5133 513300.00
5.705 5258 525800.00
5.715 5128 512800.00
5.725 5059 505900.00
5.735 5069 506900.00
5.745 5176 517600.00
5.755 5124 512400.00
5.765 5060 506000.00
5.775 4949 494900.00
5.785 5074 507400.00
5.795 5008 500800.00
5.805 5134 513400.00
5.815 4999 499900.00
5.825 5046 504600.00
5.835 4963 496300.00
5.845 4850 485000.00
5.855 5039 503900.00
5.865 4811 481100.00
5.875 4741 474100.00
5.885 4870 487000.00
5.895 4818 481800.00
5.905 4780 478000.00
5.915 4671 467100.00
5.925 4737 473700.00
5.935 4818 481800.00
5.945 4679 467900.00
5.955 4810 481000.00
5.965 4688 468800.00
5.975 4712 471200.00
5.985 4607 460700.00
5.995 4658 465800.00
6.005 4702 470200.00
6.015 4554 455400.00
6.025 4657 465700.00
6.035 4705 470500.00
6.045 4643 464300.00
6.055 4751 475100.00
6.065 4853 485300.00
6.075 4813 481300.00
6.085 4696 469600.00
6.095 4659 465900.00
6.105 4819 481900.00
6.115 4814 481400.00
6.125 4759 475900.00
6.135 4826 482600.00
6.145 4820 482000.00
6.155 4809 480900.00
6.165 4704 470400.00
6.175 4768 476800.00
6.185 4694 469400.00
6.195 4605 460500.00
6.205 4860 486000.00
6.215 4800 480000.00
6.225 4832 483200.00
6.235 4598 459800.00
6.245 4655 465500.00
6.255 4820 482000.00
6.265 4742 474200.00
6.275 4651 465100.00
6.285 4680 468000.00
6.295 4786 478600.00
6.305 4951 495100.00
6.315 4841 484100.00
6.325 5021 502100.00
6.335 5120 512000.00
6.345 5043 504300.00
6.355 5158 515800.00
6.365 5269 526900.00
6.375 5327 532700.00
6.385 5568 556800.00
6.395 5618 561800.00
6.405 5667 566700.00
6.415 5608 560800.00
6.425 5656 565600.00
6.435 5735 573500.00
6.445 5610 561000.00
6.455 5671 567100.00
6.465 5604 560400.00
6.475 5789 578900.00
6.485 5441 544100.00
6.495 5509 550900.00
6.505 5117 511700.00
6.515 5009 500900.00
6.525 4979 497900.00
6.535 4872 487200.00
6.545 4661 466100.00
6.555 4500 450000.00
6.565 4362 436200.00
6.575 4208 420800.00
6.585 4092 409200.00
6.595 3878 387800.00
6.605 3827 382700.00
6.615 3734 373400.00
6.625 3880 388000.00
6.635 3692 369200.00
6.645 3614 361400.00
6.655 3572 357200.00
6.665 3504 350400.00
6.675 3462 346200.00
6.685 3512 351200.00
6.695 3408 340800.00
6.705 3412 341200.00
6.715 3361 336100.00
6.725 3359 335900.00
6.735 3416 341600.00
6.745 3265 326500.00
6.755 3319 331900.00
6.765 3206 320600.00
6.775 3289 328900.00
6.785 3263 326300.00
6.795 3270 327000.00
6.805 3274 327400.00
6.815 3313 331300.00
6.825 3178 317800.00
6.835 3378 337800.00
6.845 3345 334500.00
6.855 3299 329900.00
6.865 3340 334000.00
6.875 3318 331800.00
6.885 3385 338500.00
6.895 3371 337100.00
6.905 3474 347400.00
6.915 3476 347600.00
6.925 3490 349000.00
6.935 3737 373700.00
6.945 3645 364500.00
6.955 3828 382800.00
6.965 3755 375500.00
6.975 3808 380800.00
6.985 3912 391200.00
6.995 3885 388500.00
7.005 3951 395100.00
7.015 3996 399600.00
7.025 3919 391900.00
7.035 3793 379300.00
7.045 3792 379200.00
7.055 3763 376300.00
7.065 3711 371100.00
7.075 3682 368200.00
7.085 3648 364800.00
7.095 3580 358000.00
7.105 3353 335300.00
7.115 3290 329000.00
7.125 3241 324100.00
7.135 3107 310700.00
7.145 2929 292900.00
7.155 2964 296400.00
7.165 2871 287100.00
7.175 2835 283500.00
7.185 2768 276800.00
7.195 2680 268000.00
7.205 2731 273100.00
7.215 2614 261400.00
7.225 2486 248600.00
7.235 2501 250100.00
7.245 2563 256300.00
7.255 2562 256200.00
7.265 2532 253200.00
7.275 2473 247300.00
7.285 2394 239400.00
7.295 2478 247800.00
7.305 2418 241800.00
7.315 2421 242100.00
7.325 2424 242400.00
7.335 2438 243800.00
7.345 2275 227500.00
7.355 2290 229000.00
7.365 2283 228300.00
7.375 2247 224700.00
7.385 2163 216300.00
7.395 2234 223400.00
7.405 2069 206900.00
7.415 2192 219200.00
7.425 2179 217900.00
7.435 2069 206900.00
7.445 2059 205900.00
7.455 1968 196800.00
7.465 2006 200600.00
7.475 2036 203600.00
7.485 1940 194000.00
7.495 1999 199900.00
7.505 1927 192700.00
7.515 2034 203400.00
7.525 1946 194600.00
7.535 1898 189800.00
7.545 1883 188300.00
7.555 1867 186700.00
7.565 1873 187300.00
7.575 1780 178000.00
7.585 1767 176700.00
7.595 1787 178700.00
7.605 1668 166800.00
7.615 1773 177300.00
7.625 1730 173000.00
7.635 1725 172500.00
7.645 1715 171500.00
7.655 1690 169000.00
7.665 1638 163800.00
7.675 1620 162000.00
7.685 1657 165700.00
7.695 1566 156600.00
7.705 1562 156200.00
7.715 1570 157000.00
7.725 1652 165200.00
7.735 1542 154200.00
7.745 1576 157600.00
7.755 1556 155600.00
7.765 1552 155200.00
7.775 1570 157000.00
7.785 1533 153300.00
7.795 1545 154500.00
7.805 1460 146000.00
7.815 1445 144500.00
7.825 1527 152700.00
7.835 1387 138700.00
7.845 1491 149100.00
7.855 1403 140300.00
7.865 1354 135400.00
7.875 1431 143100.00
7.885 1386 138600.00
7.895 1463 146300.00
7.905 1370 137000.00
7.915 1380 138000.00
7.925 1486 148600.00
7.935 1382 138200.00
7.945 1387 138700.00
7.955 1377 137700.00
7.965 1357 135700.00
7.975 1320 132000.00
7.985 1322 132200.00
7.995 1300 130000.00
8.005 1229 122900.00
8.015 1304 130400.00
8.025 1201 120100.00
8.035 1213 121300.00
8.045 1267 126700.00
8.055 1331 133100.00
8.065 1175 117500.00
8.075 1151 115100.00
8.085 1235 123500.00
8.095 1217 121700.00
8.105 1163 116300.00
8.115 1181 118100.00
8.125 1136 113600.00
8.135 1114 111400.00
8.145 1120 112000.00
8.155 1059 105900.00
8.165 1104 110400.00
8.175 1070 107000.00
8.185 1009 100900.00
8.195 1029 102900.00
8.205 959 95900.00
8.215 979 97900.00
8.225 967 96700.00
8.235 944 94400.00
8.245 907 90700.00
8.255 937 93700.00
8.265 933 93300.00
8.275 935 93500.00
8.285 887 88700.00
8.295 894 89400.00
8.305 880 88000.00
8.315 901 90100.00
8.325 875 87500.00
8.335 882 88200.00
8.345 797 79700.00
8.355 786 78600.00
8.365 794 79400.00
8.375 790 79000.00
8.385 789 78900.00
8.395 791 79100.00
8.405 819 81900.00
8.415 719 71900.00
8.425 776 77600.00
8.435 761 76100.00
8.445 732 73200.00
8.455 710 71000.00
8.465 775 77500.00
8.475 701 70100.00
8.485 715 71500.00
8.495 656 65600.00
8.505 683 68300.00
8.515 678 67800.00
8.525 663 66300.00
8.535 668 66800.00
8.545 653 65300.00
8.555 726 72600.00
8.565 615 61500.00
8.575 671 67100.00
8.585 616 61600.00
8.595 622 62200.00
8.605 615 61500.00
8.615 617 61700.00
8.625 594 59400.00
8.635 631 63100.00
8.645 614 61400.00
8.655 544 54400.00
8.665 564 56400.00
8.675 573 57300.00
8.685 565 56500.00
8.695 535 53500.00
8.705 534 53400.00
8.715 464 46400.00
8.725 526 52600.00
8.735 513 51300.00
8.745 509 50900.00
8.755 491 49100.00
8.765 515 51500.00
8.775 466 46600.00
8.785 460 46000.00
8.795 435 43500.00
8.805 477 47700.00
8.815 444 44400.00
8.825 480 48000.00
8.835 450 45000.00
8.845 419 41900.00
8.855 407 40700.00
8.865 373 37300.00
8.875 351 35100.00
8.885 421 42100.00
8.895 382 38200.00
8.905 423 42300.00
8.915 378 37800.00
8.925 398 39800.00
8.935 376 37600.00
8.945 370 37000.00
8.955 366 36600.00
8.965 373 37300.00
8.975 367 36700.00
8.985 363 36300.00
8.995 375 37500.00
9.005 365 36500.00
9.015 334 33400.00
9.025 311 31100.00
9.035 362 36200.00
9.045 346 34600.00
9.055 348 34800.00
9.065 297 29700.00
9.075 358 35800.00
9.085 320 32000.00
9.095 323 32300.00
9.105 302 30200.00
9.115 341 34100.00
9.125 308 30800.00
9.135 288 28800.00
9.145 310 31000.00
9.155 291 29100.00
9.165 289 28900.00
9.175 273 27300.00
9.185 292 29200.00
9.195 269 26900.00
9.205 261 26100.00
9.215 255 25500.00
9.225 275 27500.00
9.235 245 24500.00
9.245 231 23100.00
9.255 231 23100.00
9.265 242 24200.00
9.275 255 25500.00
9.285 193 19300.00
9.295 234 23400.00
9.305 212 21200.00
9.315 219 21900.00
9.325 203 20300.00
9.335 203 20300.00
9.345 191 19100.00
9.355 196 19600.00
9.365 211 21100.00
9.375 185 18500.00
9.385 192 19200.00
9.395 205 20500.00
9.405 191 19100.00
9.415 183 18300.00
9.425 202 20200.00
9.435 176 17600.00
9.445 174 17400.00
9.455 172 17200.00
9.465 184 18400.00
9.475 173 17300.00
9.485 162 16200.00
9.495 178 17800.00
9.505 165 16500.00
9.515 162 16200.00
9.525 154 15400.00
9.535 158 15800.00
9.545 152 15200.00
9.555 146 14600.00
9.565 151 15100.00
9.575 142 14200.00
9.585 163 16300.00
9.595 166 16600.00
9.605 138 13800.00
9.615 168 16800.00
9.625 137 13700.00
9.635 123 12300.00
9.645 161 16100.00
9.655 128 12800.00
9.665 134 13400.00
9.675 155 15500.00
9.685 119 11900.00
9.695 145 14500.00
9.705 115 11500.00
9.715 143 14300.00
9.725 149 14900.00
9.735 121 12100.00
9.745 128 12800.00
9.755 120 12000.00
9.765 112 11200.00
9.775 114 11400.00
9.785 119 11900.00
9.795 109 10900.00
9.805 123 12300.00
9.815 110 11000.00
9.825 104 10400.00
9.835 105 10500.00
9.845 95 9500.00
9.855 119 11900.00
9.865 104 10400.00
9.875 127 12700.00
9.885 99 9900.00
9.895 100 10000.00
9.905 91 9100.00
9.915 103 10300.00
9.925 83 8300.00
9.935 80 8000.00
9.945 86 8600.00
9.955 107 10700.00
9.965 107 10700.00
9.975 91 9100.00
9.985 83 8300.00
9.995 90 9000.00
